0.0666781
0.0750113
0.100011
0.100011
0.100011
0.100011
0.100011
0.105566
0.111122
0.999999
0.999999
0.933333
0.933333
0.933333
0.883334
0.883334
0.866668
0.866668
0.866668
0.866668
0.866668
0.866668
0.855557
0.844446
0.833335
0.825002
0.816669
0.791669
0.766669
0.761114
0.755558
0.750003
0.74167
0.733337
0.722226
0.711115
0.700004
0.69167
0.683337
0.680004
0.676671
0.673337
0.670004
0.650004
0.650004
0.650004
0.650004
0.633338
0.616672
0.608338
0.600005
0.600005
0.600005
0.583339
0.580005
0.576672
0.573339
0.570006
0.550006
0.53334
0.516673
0.516673
0.516673
0.516673
0.50834
0.500007
0.500007
0.48334
0.477785
0.472229
0.466674
0.466674
0.450007
0.438896
0.427786
0.416675
0.413341
0.410008
0.406675
0.403341
0.400008
0.383342
0.366675
0.363342
0.360009
0.356676
0.353342
0.350009
0.346676
0.343342
0.340009
0.336676
0.333342
0.330962
0.328581
0.3262
0.323819
0.321438
0.319057
0.316676
0.308343
0.30001
0.293343
0.286677
0.28001
0.273343
0.266677
0.266677
0.266677
0.266677
0.258344
0.25001
0.25001
0.25001
0.25001
0.241677
0.233344
0.233344
0.233344
0.233344
0.233344
0.216678
0.208344
0.200011
0.196678
0.193345
0.190011
0.186678
0.183345
0.180012
0.176678
0.173345
0.170012
0.166678
0.166678
0.166678
0.166678
0.166678
0.166678
0.166678
0.166678
0.166678
0.166678
0.166678
0.158345
0.150012
0.146679
0.143345
0.140012
0.136679
0.116679
0.116679
0.116679
0.116679
0.116679
0.166667
0.166667
0.150001
0.146667
0.143334
0.140001
0.136667
0.133334
0.133334
0.133334
0.100001
0.100001
0.100001
0.100001
0.100001
0.100001
0.100001
0.100001
0.100001
0.100001
0.100001
0.100001
0.100001
0.100001
0.100001
0.100001
0.100001
0.100001
0.100001
0.100001
0.100001
0.100001
0.133334
0.133334
0.133334
0.13889
0.144445
0.150001
0.150001
0.183333
0.186667
0.19
0.193333
0.196666
0.216666
0.216666
0.216666
0.222222
0.227777
0.233333
0.241666
0.249999
0.255554
0.26111
0.283332
0.283332
0.316665
0.324998
0.349997
0.349997
0.349997
0.349997
0.349997
0.399997
0.399997
0.399997
0.433329
0.439996
0.446663
0.453329
0.459996
0.466662
0.474996
0.516662
0.516662
0.533328
0.533328
0.533328
0.549994
0.549994
0.566661
0.566661
0.566661
0.583327
0.583327
0.583327
0.583327
0.583327
0.583327
0.583327
0.350001
0.341668
0.116671
0.116671
0.116671
0.0833381
0.0833381
0.0666717
0.0666717
0.0666717
0.0500053
0.0500053
0.0333389
-0.0166521
