0.0136991
0.0410958
0.972603
0.945206
0.938356
0.890411
0.887671
0.884932
0.150687
0.164386
0.178085
0.191784
0.20377
0.215757
0.227744
0.23973
0.251717
0.263704
0.27569
0.287677
0.301376
0.315075
0.328774
0.342473
0.835617
0.835617
0.835617
0.835617
0.838357
0.0958904
0.843836
0.846576
0.849316
0.852056
0.854796
0.857535
0.860275
0.863015
0.863015
0.863015
0.164383
0.178082
0.178082
0.178082
0.863015
0.863015
0.863015
0.863015
0.315066
0.36073
0.365296
0.369863
0.863015
0.863015
0.863015
0.662101
0.657534
0.726047
0.726047
0.712348
0.465755
0.493151
0.493151
0.493151
0.493151
0.479452
0.438357
0.429224
0.420092
0.410959
0.406393
0.401827
0.397261
0.390411
0.383562
0.378996
0.37443
0.232877
0.22831
0.223744
0.19178
0.19178
0.164381
0.342466
0.328768
0.315069
0.424658
0.424658
0.424658
0.424658
0.424658
0.424657
0.420091
0.415525
0.410958
0.406392
0.401826
0.397259
0.39041
0.38356
0.381277
0.378994
0.376711
0.374428
0.372144
0.369861
0.150685
0.150685
0.15411
0.157534
0.160959
0.164384
0.167809
0.171234
0.174658
0.178083
0.232878
0.232878
0.231356
0.229834
0.228312
0.22679
0.225268
0.223745
0.222223
0.220701
0.219179
0.219179
0.219179
0.219179
0.219179
0.219179
0.219179
0.219179
0.219179
0.219179
0.219179
0.424658
0.214613
0.21233
0.210047
0.207764
0.794525
0.794525
0.794525
0.794525
0.794525
0.794525
0.794525
0.794525
0.794525
0.794525
0.794525
0.794525
0.794525
0.794525
0.465753
0.472603
0.479452
0.479452
0.479452
0.479452
0.799091
0.803657
0.808224
0.808224
0.808224
0.808224
0.808224
0.808224
0.81279
0.817357
0.821923
0.828772
0.835622
0.835622
0.835622
0.849321
0.109591
0.109591
0.107308
0.105024
0.102741
0.100458
0.0981752
0.0958921
0.0890428
0.0821935
0.0799104
0.0776273
0.410956
0.410956
0.410956
0.712329
0.712329
0.712329
0.712329
0.712329
0.726028
0.726028
0.726028
0.726028
0.726028
0.726028
0.726028
0.726028
0.726028
0.726028
0.726028
0.726028
0.721462
0.716895
0.712329
0.712329
0.712329
0.712329
0.0137006
0.0137006
0.0137006
0.0137006
0.0137006
0.00685132
2.02656e-06
2.02656e-06
2.02656e-06
0.246575
0.246575
0.246575
0.232876
0.226027
0.205478
0.200912
0.196345
0.191779
0.0137006
0.0137006
0.0137006
0.0137006
0.0137006
0.0137006
0.0137006
2.02656e-06
2.02656e-06
2.02656e-06
2.02656e-06
2.02656e-06
2.02656e-06
2.02656e-06
2.02656e-06
2.02656e-06
2.02656e-06
2.02656e-06
2.02656e-06
2.02656e-06
2.02656e-06
2.02656e-06
2.02656e-06
2.02656e-06
2.02656e-06
