0.0547945
0.0547945
0.0547945
0.0547945
0.0547945
0.0547945
0.0547945
0.0547945
0.0547945
0.0547945
0.19178
0.205479
0.219178
0.232876
0.239725
0.246575
0.253424
0.260273
0.267123
0.273972
0.280821
0.28767
0.29452
0.301369
0.308218
0.315068
0.321917
0.328766
0.335616
0.410958
0.433789
0.45662
0.479451
0.499998
0.520546
0.534245
0.547943
0.561642
0.575341
0.589039
0.602738
0.616436
0.630135
0.639267
0.6484
0.657532
0.666664
0.675797
0.684929
0.698628
0.712326
0.726025
0.739724
0.260274
0.260274
0.260274
0.260274
0.260274
0.260274
0.260274
0.260274
0.260274
0.797258
0.799997
0.802737
0.805477
0.808216
0.817349
0.826481
0.849312
0.849312
0.849312
0.849312
0.849312
0.849312
0.835614
0.835614
0.780819
0.0273973
0.0273973
0.0273973
0.0273973
0.0273973
0.0273973
0.0273973
0.0273973
0.0273973
0.0281183
0.0288392
0.0295602
0.0302812
0.0310022
0.0317231
0.0324441
0.0331651
0.0338861
0.0346071
0.035328
0.036049
0.03677
0.037491
0.0382119
0.0684931
0.0767123
0.0849314
0.0931506
0.10137
0.109589
0.111872
0.114155
0.116438
0.118721
0.121004
0.123287
0.126027
0.821918
0.131507
0.134246
0.136986
0.141552
0.146118
0.150685
0.155251
0.159817
0.164383
0.171232
0.178082
0.180365
0.182648
0.184931
0.187214
0.189497
0.19178
0.19863
0.205479
0.210045
0.214611
0.219177
0.223744
0.22831
0.232876
0.235616
0.238356
0.241095
0.243835
0.260273
0.260273
0.260273
0.28767
0.28767
0.301369
0.305935
0.310501
0.315068
0.319634
0.3242
0.328766
0.335615
0.342465
0.342465
0.342465
0.342465
0.0410959
0.0410959
0.0410959
0.0410959
0.0410959
0.0410959
0.0410959
0.0410959
0.0410959
0.0410959
0.0410959
0.0410959
0.0410959
0.0410959
0.0410959
0.0410959
0.0410959
0.0410959
0.0410959
0.0410959
0.0410959
0.0410959
0.0410959
0.0410959
0.0410959
0.0410959
0.684932
0.684932
0.684932
0.684932
0.684932
0.684932
0.684932
0.684932
0.684932
0.0410959
0.0410959
0.0410959
0.0410959
0.0410959
0.0410959
0.0410959
0.0410959
0.0502282
0.0593606
0.068493
0.0739724
0.0794519
0.0849313
0.0904107
0.0958902
0.100456
0.105023
0.109589
0.116438
0.150684
0.155251
0.159817
0.164383
0.178082
0.19178
0.205479
0.210045
0.214611
0.219177
0.232876
0.90411
0.90411
0.90411
0.90411
0.90411
0.90411
0.90411
0.90411
0.945205
0.949772
0.954338
0.958904
0.965753
0.972602
0.972602
0.972602
0.972602
0.972602
0.972602
0.972602
0.972602
0.972602
0.972602
0.972602
0.945205
0.945205
0.945205
0.931507
0.931507
0.931507
0.917808
