-0.016668
0.0416661
0.0499995
0.0533329
0.0566663
0.0599997
0.063333
0.0666664
0.0722221
0.0777777
0.0833333
0.0833333
0.0833333
0.141669
0.166669
0.17778
0.188891
0.200003
0.200003
0.200003
0.21667
0.250003
0.25667
0.263337
0.270004
0.27667
0.316671
0.322227
0.327782
0.366672
0.383338
0.400005
0.411117
0.422228
0.466673
0.475006
0.48334
0.488895
0.494451
0.500007
0.50834
0.516674
0.525007
0.550007
0.550007
0.550007
0.566674
0.566674
0.600008
0.600008
0.600008
0.616675
0.616675
0.633342
0.638897
0.644453
0.650009
0.658342
0.666676
0.675009
0.700009
0.700009
0.700009
0.716676
0.716676
0.733343
0.733343
0.733343
0.733343
0.733343
0.75001
0.75001
0.75001
0.75001
0.75001
0.766677
0.766677
0.783344
0.783344
0.783344
0.783344
0.791677
0.800011
0.805566
0.811122
0.816678
0.825011
0.833344
0.833344
0.833344
0.833344
0.841678
0.850011
0.850011
0.850011
0.850011
0.850011
0.866678
0.866678
0.883333
0.875
0.866666
0.861111
0.855555
0.85
0.85
0.85
0.85
0.85
0.783332
0.783332
0.699998
0.694442
0.688886
0.683331
0.641663
0.599996
0.558329
0.483328
0.477772
0.472217
0.466661
0.441661
0.41666
0.403327
0.389993
0.37666
0.363326
0.349993
0.336659
0.323326
0.309992
0.296659
0.283325
0.272214
0.261103
0.249992
0.224991
0.166657
0.166657
0.14999
0.144435
0.138879
0.116656
0.108323
0.0833226
0.0833226
0.0833226
0.0499889
0.0499889
0.033322
0.0266552
0.0199885
0.0133217
0.00665495
-1.18017e-05
-1.18017e-05
-1.18017e-05
-1.18017e-05
-1.18017e-05
-1.18017e-05
-1.18017e-05
-1.18017e-05
-1.18017e-05
-1.18017e-05
-1.18017e-05
-1.18017e-05
-1.18017e-05
-1.18017e-05
-1.18017e-05
-1.18017e-05
-1.18017e-05
-1.18017e-05
-1.18017e-05
0.0166551
0.0222107
0.0277663
0.033322
0.033322
0.0666558
0.0666558
0.0666558
0.0833226
0.0999895
0.116656
0.122212
0.127768
0.133323
0.14999
0.199991
0.216658
0.233325
0.244436
0.255547
0.266658
0.279992
0.293325
0.306659
0.319992
0.36666
0.36666
0.399994
0.405549
0.411105
0.466661
0.474995
0.483328
0.483328
0.483328
0.483328
0.483328
0.483328
0.483328
0.483328
0.483328
0.483328
0.483328
0.483328
0.483328
0.483328
0.483328
0.483328
0.483328
0.466661
0.466661
0.466661
0.449994
0.433327
0.399994
0.399994
0.383327
0.399997
0.399997
0.399997
0.394441
0.388886
0.38333
0.374997
0.366663
0.366663
0.33333
0.33333
0.33333
0.33333
0.316663
0.266662
0.261106
0.255551
0.199994
0.191661
0.0333256
0.0277699
0.0222143
0.0166587
0.0166587
0.0166587
-8.22544e-06
-8.22544e-06
-8.22544e-06
