0.0136989
0.0136989
0.0136989
0.0136989
0.0136989
0.0136989
0.0684932
0.0684932
0.0684932
0.0684932
0.0684932
0.0684932
0.0684932
0.0684932
0.0821918
0.0821918
0.0821918
0.0821918
0.0821918
0.127854
0.13242
0.136986
0.141552
0.146118
0.150685
0.155251
0.159817
0.164383
0.171232
0.19178
0.196346
0.200913
0.205479
0.210958
0.216438
0.221917
0.227397
0.232876
0.242008
0.251141
0.260273
0.264839
0.269406
0.273972
0.273972
0.28767
0.292237
0.296803
0.301369
0.305935
0.310501
0.315067
0.321917
0.342465
0.347031
0.351597
0.356163
0.360729
0.365296
0.38356
0.391779
0.399999
0.408218
0.416437
0.424656
0.424656
0.424656
0.424656
0.429222
0.433788
0.452053
0.458903
0.465752
0.465752
0.465752
0.47945
0.484017
0.488583
0.506848
0.513697
0.520546
0.522829
0.525112
0.527395
0.529679
0.531962
0.534245
0.541094
0.57534
0.579907
0.584473
0.589039
0.593605
0.598171
0.602738
0.602738
0.630135
0.630135
0.630135
0.630135
0.639267
0.6484
0.657532
0.664381
0.67123
0.67808
0.684929
0.691778
0.698628
0.705477
0.712326
0.716892
0.721459
0.767121
0.77397
0.780819
0.780819
0.780819
0.794518
0.797942
0.801367
0.804792
0.808216
0.811641
0.815066
0.81849
0.821915
0.831047
0.84018
0.863011
0.863011
0.863011
0.872143
0.881275
0.890408
0.894974
0.89954
0.917805
0.917805
0.917805
0.922371
0.926937
0.945202
0.947942
0.950681
0.0958903
0.0958903
0.0958903
0.0958903
0.0958903
0.109589
0.111872
0.114155
0.116438
0.118721
0.121004
0.123287
0.130137
0.136986
0.143835
0.150685
0.157534
0.164383
0.171232
0.178082
0.178082
0.178082
0.19178
0.19726
0.202739
0.208219
0.213698
0.219177
0.219177
0.219177
0.246575
0.246575
0.246575
0.251141
0.255707
0.260273
0.263013
0.265753
0.268492
0.271232
0.273972
0.278538
0.283104
0.28767
0.292237
0.296803
0.315068
0.321917
0.328766
0.333332
0.337898
0.356163
0.360729
0.365296
0.369862
0.376711
0.397259
0.401825
0.406391
0.410958
0.42009
0.429222
0.438355
0.442921
0.447487
0.452053
0.472601
0.493149
0.497715
0.502281
0.506848
0.511414
0.51598
0.520546
0.527395
0.547943
0.557076
0.566208
0.589039
0.591779
0.594518
0.597258
0.599998
0.616436
0.621002
0.625569
0.630135
0.630135
0.630135
0.657532
0.657532
0.671231
0.684929
0.698628
0.712326
0.712326
0.712326
0.712326
0.719176
0.575343
0.561644
0.547946
0.465754
0.452056
0.0547971
0.0547971
0.0547971
2.74181e-06
2.74181e-06
2.74181e-06
2.74181e-06
2.74181e-06
2.74181e-06
2.74181e-06
