0.0136991
0.0410958
0.972603
0.945206
0.938356
0.890411
0.887671
0.884932
0.882192
0.879452
0.876712
0.86758
0.858448
0.849315
0.840183
0.831051
0.821918
0.816439
0.810959
0.80548
0.8
0.794521
0.789955
0.785389
0.780822
0.767124
0.753425
0.739727
0.732877
0.726028
0.719179
0.71233
0.70548
0.698631
0.691782
0.684932
0.676713
0.668494
0.660275
0.652056
0.643837
0.634704
0.625572
0.616439
0.60959
0.589042
0.584476
0.57991
0.575344
0.570778
0.566211
0.547947
0.54338
0.538814
0.534248
0.527399
0.520549
0.515983
0.511417
0.479454
0.465755
0.493151
0.493151
0.493151
0.493151
0.479452
0.438357
0.429224
0.420092
0.410959
0.406393
0.401827
0.397261
0.390411
0.383562
0.378996
0.37443
0.356165
0.353882
0.351599
0.349316
0.347033
0.34475
0.342466
0.328768
0.315069
0.310503
0.305937
0.301371
0.296805
0.292238
0.287672
0.280823
0.273974
0.269407
0.264841
0.260275
0.260275
0.260275
0.260275
0.257535
0.254796
0.252056
0.249316
0.246576
0.246576
0.246576
0.246576
0.244864
0.243152
0.241439
0.239727
0.238015
0.236302
0.23459
0.232878
0.232878
0.232878
0.231356
0.229834
0.228312
0.22679
0.225268
0.223745
0.222223
0.220701
0.219179
0.219179
0.219179
0.219179
0.219179
0.219179
0.219179
0.219179
0.219179
0.219179
0.219179
0.216896
0.214613
0.21233
0.210047
0.207764
0.205481
0.205481
0.205481
0.205481
0.205481
0.191782
0.191782
0.191782
0.191782
0.191782
0.191782
0.187216
0.18265
0.178084
0.173517
0.168951
0.164385
0.158906
0.153426
0.147947
0.142467
0.136988
0.134705
0.132422
0.130139
0.127855
0.125572
0.123289
0.121577
0.119865
0.118152
0.11644
0.114728
0.113015
0.111303
0.109591
0.109591
0.109591
0.107308
0.105024
0.102741
0.100458
0.0981752
0.0958921
0.0890428
0.0821935
0.0799104
0.0776273
0.0753442
0.0730611
0.070778
0.0684949
0.0657552
0.0630155
0.0602758
0.0575361
0.0547963
0.0547963
0.0547963
0.0547963
0.0547963
0.0410978
0.0410978
0.0410978
0.0410978
0.0410978
0.0410978
0.0273992
0.022833
0.0182668
0.0137006
0.0137006
0.0137006
0.0137006
0.0137006
0.0137006
0.0137006
0.0137006
0.0137006
0.00685132
2.02656e-06
2.02656e-06
2.02656e-06
2.02656e-06
2.02656e-06
2.02656e-06
0.0137006
0.0137006
0.0137006
0.0137006
0.0137006
0.0137006
0.0137006
0.0137006
0.0137006
0.0137006
0.0137006
0.0137006
0.0137006
2.02656e-06
2.02656e-06
2.02656e-06
2.02656e-06
2.02656e-06
2.02656e-06
2.02656e-06
2.02656e-06
2.02656e-06
2.02656e-06
2.02656e-06
2.02656e-06
2.02656e-06
2.02656e-06
2.02656e-06
2.02656e-06
2.02656e-06
2.02656e-06
