0.0136986
0.0136986
0.0821935
0.0821935
0.0821935
0.13699
0.143839
0.150689
0.155255
0.159821
0.205485
0.210051
0.214618
0.246582
0.246582
0.287679
0.292246
0.296812
0.328777
0.333343
0.337909
0.356175
0.360741
0.365307
0.42467
0.42467
0.452068
0.452068
0.452068
0.506864
0.511431
0.515997
0.520563
0.534262
0.547961
0.557094
0.566227
0.575359
0.579926
0.584492
0.602758
0.609607
0.630156
0.634722
0.639288
0.643855
0.648421
0.652987
0.671253
0.671253
0.684952
0.684952
0.684952
0.684952
0.689518
0.694085
0.726049
0.739748
0.808243
0.808243
0.808243
0.821942
0.821942
0.821942
0.821942
0.827422
0.832902
0.838381
0.843861
0.876739
0.876739
0.876739
0.876739
0.881305
0.885871
0.890438
0.890438
0.904137
0.904137
0.904137
0.904137
0.904137
0.904137
0.904137
0.904137
0.904137
0.904137
0.904137
0.917836
0.917836
0.917836
0.917836
0.917836
0.917836
0.917836
0.917836
0.917836
0.917836
0.917836
0.917836
0.917836
0.917836
0.917836
0.917836
0.917836
0.917836
0.917836
0.917836
0.917836
0.917836
0.917836
0.917836
0.917836
0.917836
0.917836
0.917836
0.917836
0.917836
0.917836
0.917836
0.917836
0.917836
0.917836
0.917836
0.917836
0.917836
0.917836
0.908703
0.913269
0.917835
0.917835
0.917835
0.917835
0.917835
0.917835
0.917835
0.917835
0.917835
0.922402
0.926968
0.931535
0.934274
0.937014
0.939754
0.942494
0.945234
0.945234
0.945234
0.945234
0.945234
0.945234
0.945234
0.945234
0.958933
0.958933
0.958933
0.958933
0.958933
0.958933
0.958933
0.958933
0.958933
0.958933
0.958933
0.958933
0.958933
0.958933
0.958933
0.958933
0.958933
0.958933
0.958933
0.958933
0.958933
0.958933
0.958933
0.952083
0.945234
0.945234
0.945234
0.945234
0.945234
0.945234
0.945234
0.938384
0.931534
0.931534
0.931534
0.931534
0.931534
0.931534
0.931534
0.931534
0.931535
0.926968
0.922402
0.917835
0.917835
0.917835
0.917835
0.917835
0.917835
0.917835
0.917835
0.904136
0.904136
0.904136
0.890437
0.890437
0.890437
0.890437
0.890437
0.890437
0.885871
0.881305
0.863039
0.863039
0.863039
0.863039
0.85619
0.821942
0.817376
0.812809
0.808243
0.794544
0.780845
0.767146
0.746597
0.726049
0.71235
0.698651
0.684951
0.675819
0.666686
0.602757
0.589058
0.287679
0.287679
0.287679
0.246582
0.242015
0.237449
0.219184
0.214617
0.210051
0.205485
0.191786
0.164387
0.164387
0.164387
0.109591
0.105025
0.100458
0.0821931
0.0753435
0.068494
2.02656e-06
2.02656e-06
2.02656e-06
