0.0136986
0.0136986
1.78814e-07
1.78814e-07
1.78814e-07
1.78814e-07
1.78814e-07
1.78814e-07
1.78814e-07
1.78814e-07
1.78814e-07
1.78814e-07
1.78814e-07
1.78814e-07
1.78814e-07
1.78814e-07
1.78814e-07
1.78814e-07
1.78814e-07
1.78814e-07
1.78814e-07
1.78814e-07
1.78814e-07
1.78814e-07
1.78814e-07
1.78814e-07
1.78814e-07
1.78814e-07
1.78814e-07
1.78814e-07
1.78814e-07
1.78814e-07
0.0136988
0.0136988
0.0136988
0.0136988
0.0136988
0.0273973
0.0319635
0.0365297
0.0410959
0.0410959
0.0410959
0.0410959
0.0410959
0.0410959
0.0456621
0.0502283
0.0547945
0.0616438
0.0684931
0.0684931
0.0684931
0.0684931
0.0730593
0.0776255
0.0821916
0.0890409
0.0958902
0.0958902
0.0958902
0.109589
0.109589
0.109589
0.109589
0.114155
0.118721
0.136986
0.136986
0.136986
0.136986
0.136986
0.150685
0.150685
0.150685
0.164383
0.164383
0.178082
0.178082
0.178082
0.19178
0.19178
0.19178
0.219177
0.219177
0.246575
0.246575
0.246575
0.28767
0.28767
0.28767
0.315067
0.321917
0.356163
0.356163
0.356163
0.356163
0.365296
0.374428
0.38356
0.397259
0.410958
0.415524
0.42009
0.424656
0.429222
0.433788
0.452053
0.461186
0.470318
0.47945
0.47945
0.493149
0.493149
0.493149
0.520546
0.520546
0.520546
0.547943
0.547943
0.589039
0.593605
0.598171
0.616436
0.616436
0.616436
0.630135
0.643833
0.657532
0.662098
0.666664
0.684929
0.689495
0.694061
0.698628
0.705477
0.739723
0.739723
0.739723
0.753422
0.757988
0.762554
0.780819
0.780819
0.808216
0.812782
0.817349
0.821915
0.821915
0.821915
0.849312
0.849312
0.849312
0.863011
0.863011
0.876709
0.881275
0.885842
0.890408
0.890408
0.890408
0.904106
0.904106
0.917805
0.917805
0.917805
0.917805
0.917805
0.917805
0.917805
0.917805
0.917805
0.922371
0.926937
0.931503
0.931503
0.931503
0.931503
0.931503
0.945202
0.945202
0.945202
0.945202
0.945202
0.945202
0.945202
0.945202
0.958901
0.958901
0.958901
0.958901
0.958901
0.958901
0.958901
0.958901
0.958901
0.958901
0.958901
0.972599
0.972599
0.972599
0.972599
0.972599
0.972599
0.972599
0.972599
0.972599
0.972599
0.972599
0.972599
0.972599
0.972599
0.972599
0.972599
0.972599
0.972599
0.972599
0.972599
0.972599
0.972599
0.972599
0.986298
0.986298
0.986298
0.986298
0.986298
0.986298
0.986298
0.986298
0.986298
0.986298
0.986298
0.986298
0.986298
0.986298
0.986298
0.986298
0.986298
0.986298
0.986298
0.986298
0.986298
0.986298
0.986298
0.986298
0.986298
0.986298
0.986298
0.986298
0.986298
0.986298
0.986298
0.986298
0.986298
0.986298
0.986298
0.986298
0.972599
0.972599
