0.0410958
0.0410958
0.0410958
0.0684929
0.0684929
0.123287
0.123287
0.123287
0.150684
0.155251
0.159817
0.205479
0.205479
0.219177
0.223743
0.22831
0.246574
0.255707
0.264839
0.28767
0.28767
0.28767
0.369862
0.369862
0.410957
0.415524
0.42009
0.438355
0.442921
0.447487
0.465752
0.472601
0.47945
0.488583
0.497715
0.547943
0.552509
0.557076
0.589039
0.595888
0.643833
0.643833
0.643833
0.67123
0.675797
0.680363
0.698628
0.698628
0.726025
0.726025
0.726025
0.753422
0.753422
0.753422
0.794518
0.794518
0.808216
0.812782
0.817349
0.835613
0.84018
0.844746
0.849312
0.853878
0.858444
0.86301
0.86986
0.904106
0.908672
0.913239
0.917805
0.917805
0.917805
0.931503
0.938353
0.958901
0.958901
0.958901
0.972599
0.972599
0.972599
0.972599
0.972599
0.972599
0.972599
0.972599
0.972599
0.972599
0.972599
0.972599
0.972599
0.972599
0.972599
0.972599
0.972599
0.972599
0.972599
0.972599
0.972599
0.972599
0.972599
0.972599
0.972599
0.972599
0.972599
0.972599
0.972599
0.972599
0.972599
0.972599
0.972599
0.972599
0.972599
0.972599
0.972599
0.972599
0.972599
0.972599
0.972599
0.972599
0.972599
0.972599
0.972599
0.972599
0.972599
0.972599
0.972599
0.972599
0.972599
0.972599
0.972599
0.972599
0.972599
0.972599
0.972599
0.972599
0.972599
0.972599
0.972599
0.972599
0.972599
0.972599
0.972599
0.972599
0.972599
0.972599
0.972599
0.972599
0.972599
0.972599
0.972599
0.972599
0.972599
0.972599
0.972599
0.972599
0.972599
0.972599
0.972599
0.972599
0.972599
0.972599
0.972599
0.972599
0.972599
0.972599
0.972599
0.972599
0.972599
0.972599
0.972599
0.972599
0.972599
0.972599
0.972599
0.972599
0.972599
0.972599
0.972599
0.972599
0.972599
0.972599
0.972599
0.972599
0.972599
0.972599
0.972599
0.972599
0.972599
0.972599
0.972599
0.972599
0.972599
0.972599
0.972599
0.972599
0.972599
0.972599
0.972599
0.972599
0.972599
0.972599
0.972599
0.972599
0.9589
0.9589
0.9589
0.9589
0.9589
0.958904
0.958904
0.958904
0.958904
0.958904
0.958904
0.958904
0.958904
0.958904
0.958904
0.958904
0.958904
0.958904
0.945206
0.945206
0.945206
0.945206
0.945206
0.945206
0.945206
0.945206
0.945206
0.945206
0.945206
0.945206
0.945206
0.945206
0.945206
0.945206
0.945206
0.945206
0.945206
0.945206
0.945206
0.945206
0.945206
0.945206
0.945206
0.945206
0.945206
0.945206
0.945206
0.945206
0.945206
0.945206
0.945206
0.945206
0.945206
0.945206
0.945206
