0.0136986
0.0136986
0.0136986
0.0136986
0.0136986
0.0136986
0.0136986
0.0136986
0.0136986
0.0136986
0.0136986
0.0136986
0.0136986
0.0136986
0.0136986
0.0136986
0.0136986
0.0547944
0.0821915
0.0821915
0.0821915
0.109589
0.109589
0.109589
0.150684
0.157534
0.178082
0.182648
0.187214
0.219177
0.219177
0.219177
0.273972
0.280821
0.301369
0.305935
0.310501
0.315067
0.315067
0.315067
0.342465
0.349314
0.369862
0.369862
0.369862
0.397259
0.397259
0.397259
0.410957
0.410957
0.438355
0.438355
0.438355
0.465752
0.470318
0.474884
0.493149
0.493149
0.520546
0.520546
0.520546
0.534245
0.538811
0.543377
0.57534
0.57534
0.57534
0.589039
0.595888
0.616436
0.621002
0.625568
0.643833
0.648399
0.652966
0.684929
0.691778
0.712326
0.716892
0.721458
0.739723
0.744289
0.748856
0.76712
0.76712
0.76712
0.76712
0.76712
0.780819
0.780819
0.780819
0.808216
0.808216
0.821915
0.821915
0.821915
0.849312
0.849312
0.849312
0.86301
0.86301
0.876709
0.876709
0.876709
0.890408
0.890408
0.890408
0.890408
0.890408
0.890408
0.904106
0.904106
0.917805
0.917805
0.917805
0.917805
0.917805
0.917805
0.931503
0.931503
0.931503
0.931503
0.931503
0.945202
0.945202
0.945202
0.958901
0.958901
0.958901
0.958901
0.958901
0.958901
0.958901
0.958901
0.958901
0.958901
0.958901
0.958901
0.958901
0.958901
0.958901
0.958901
0.958901
0.958901
0.958901
0.958901
0.958901
0.972599
0.972599
0.972599
0.972599
0.972599
0.972599
0.972599
0.972599
0.972599
0.972599
0.972599
0.972599
0.972599
0.972599
0.972599
0.972599
0.972599
0.972599
0.972599
0.986298
0.986298
0.986298
0.986298
0.986298
0.986298
0.986298
0.986298
0.986298
0.986298
0.986298
0.986298
0.986298
0.986298
0.986298
0.986298
0.986298
0.986298
0.986298
0.986298
0.986298
0.986298
0.986298
0.986298
0.986298
0.986298
0.986298
0.986298
0.972599
0.972599
0.972599
0.972599
0.972599
0.972599
0.972599
0.972599
0.972599
0.972599
0.9589
0.9589
0.9589
0.9589
0.9589
0.958904
0.958904
0.958904
0.958904
0.958904
0.958904
0.958904
0.958904
0.958904
0.958904
0.958904
0.958904
0.958904
0.945206
0.945206
0.945206
0.945206
0.945206
0.945206
0.945206
0.945206
0.945206
0.945206
0.945206
0.945206
0.945206
0.945206
0.945206
0.945206
0.945206
0.945206
0.945206
0.945206
0.945206
0.945206
0.945206
0.945206
0.945206
0.945206
0.945206
0.945206
0.945206
0.945206
0.945206
0.945206
0.945206
0.945206
0.945206
0.945206
0.945206
