-0.0166662
-0.0166662
-0.0166662
-0.0166662
-0.0166662
-0.0166662
-0.0166662
-0.0166662
-0.00833297
0.0499995
0.0547613
0.0595231
0.064285
0.0690468
0.0738086
0.0785705
0.0999987
0.0999987
0.0999987
0.0999987
0.103332
0.106665
0.109999
0.113332
0.116665
0.124998
0.133332
0.141665
0.149998
0.155553
0.161109
0.183331
0.183331
0.199997
0.199997
0.199997
0.216664
0.216664
0.216664
0.226663
0.236663
0.246663
0.256663
0.266663
0.266663
0.266663
0.266663
0.266663
0.283329
0.283329
0.283329
0.28444
0.285551
0.286663
0.287774
0.288885
0.289996
0.291107
0.292218
0.293329
0.29444
0.295551
0.296662
0.297773
0.298885
0.299996
0.299996
0.299996
0.299996
0.299996
0.316662
0.316662
0.316662
0.316662
0.316662
0.316662
0.316662
0.316662
0.316662
0.316662
0.316662
0.316662
0.316662
0.316662
0.333328
0.333328
0.333328
0.333328
0.333328
0.333328
0.333328
0.333328
0.333328
0.333328
0.333328
0.333328
0.333328
0.333328
0.333328
0.333328
0.333328
0.333328
0.333328
0.333328
0.333328
0.333328
0.333328
0.333328
0.333328
0.333328
0.333328
0.333328
0.333328
0.333328
0.333328
0.333328
0.333328
0.333328
0.333328
0.333328
0.333328
0.333328
0.333328
0.333328
0.338884
0.344439
0.349995
0.349995
0.349995
0.349995
0.349995
0.349995
0.349995
0.349995
0.349995
0.349995
0.349995
0.349995
0.349995
0.349995
0.349995
0.349995
0.349995
0.349995
0.349995
0.349995
0.349995
0.349995
0.349995
0.349995
0.349995
0.349995
0.349995
0.349995
0.349995
0.349995
0.349995
0.349995
0.349995
0.349995
0.349995
0.349995
0.349995
0.349995
0.349995
0.349995
0.347614
0.345233
0.342852
0.340471
0.33809
0.335709
0.333328
0.330948
0.328567
0.326186
0.323805
0.321424
0.319043
0.316662
0.314579
0.312495
0.310412
0.308329
0.306246
0.304162
0.302079
0.299996
0.297615
0.295234
0.292853
0.290472
0.288091
0.28571
0.283329
0.279996
0.276663
0.273329
0.269996
0.266663
0.25833
0.249996
0.247913
0.24583
0.243747
0.241663
0.23958
0.237497
0.235413
0.23333
0.216664
0.199997
0.191664
0.183331
0.179164
0.174998
0.170831
0.166664
0.162498
0.158331
0.154165
0.149998
0.141665
0.133332
0.129998
0.126665
0.123332
0.119998
0.116665
0.11111
0.105554
0.0999987
0.0916655
0.0833323
0.079999
0.0766657
0.0733325
0.0699992
0.0666659
0.0583327
0.0499995
0.0499995
0.0499995
0.0499995
0.0499995
0.0333331
0.0333331
0.0333331
0.0333331
0.0333331
0.0333331
0.0333331
0.0166667
0.0166667
0.0166667
0.0166667
0.0166667
0.0166667
2.38419e-07
