0.0333328
0.0333328
0.0333334
0.0333334
0.0499998
0.0555552
0.0611107
0.166665
0.174998
0.216664
0.216664
0.216664
0.249997
0.25833
0.266663
0.266663
0.266663
0.299996
0.308329
0.333329
0.341662
0.399994
0.406661
0.413328
0.419994
0.426661
0.533326
0.544437
0.555548
0.566659
0.599991
0.633324
0.644435
0.655546
0.666657
0.67499
0.683324
0.686657
0.68999
0.693323
0.696657
0.69999
0.69999
0.69999
0.705545
0.711101
0.716656
0.716656
0.716656
0.722212
0.727767
0.783322
0.783322
0.783322
0.788877
0.794433
0.833321
0.833321
0.849988
0.849988
0.899987
0.899987
0.899987
0.916653
0.916653
0.46666
0.461105
0.455549
0.449994
0.44166
0.416661
0.416661
0.416661
0.399994
0.391661
0.366662
0.358328
0.349995
0.34444
0.338884
0.333329
0.324996
0.299996
0.294441
0.288885
0.28333
0.274996
0.266663
0.261901
0.257139
0.252378
0.247616
0.242854
0.238092
0.23333
0.227775
0.222219
0.216664
0.208331
0.199997
0.196664
0.193331
0.189998
0.186664
0.166665
0.166665
0.166665
0.149998
0.149998
0.149998
0.149998
0.149998
0.149998
0.149998
0.149998
0.149998
0.149998
0.149998
0.149998
0.149998
0.149998
0.133332
0.133332
0.133332
0.133332
0.133332
0.133332
0.127776
0.122221
0.116665
0.116665
0.116665
0.116665
0.116665
0.116665
0.116665
0.1
0.1
0.1
0.1
0.1
0.1
0.1
0.1
0.1
0.1
0.1
0.1
0.1
0.1
0.1
0.1
0.1
0.1
0.1
0.1
0.1
0.1
0.1
0.1
0.1
0.1
0.1
0.1
0.1
0.1
0.1
0.1
0.1
0.1
0.1
0.1
0.1
0.1
0.1
0.1
0.1
0.1
0.1
0.1
0.1
0.1
0.1
0.1
0.1
0.1
0.1
0.0833336
0.0833336
0.0833336
0.0833336
0.0833336
0.0666672
0.0666672
0.0666672
0.0666672
0.0666672
0.0500008
0.0500008
0.0500008
0.0500008
0.0500008
0.0500008
0.0500008
0.0500008
0.0500008
0.0500008
0.0500008
0.0500008
0.0500008
0.0500008
0.0500008
0.0500008
0.0500008
0.0500008
0.0500008
0.0500008
0.0500008
0.0500008
0.0500008
0.0500008
0.0500008
0.0555563
0.0611117
0.0666672
0.0666672
0.0833336
0.0833336
0.1
0.111111
0.122222
0.133333
0.141666
0.149999
0.149999
0.149999
0.166666
0.166666
0.183332
0.188888
0.194443
0.216665
0.224998
0.266664
0.27222
0.277775
0.283331
0.291664
0.299997
0.30833
0.33333
0.33333
0.33333
0.366663
0.366663
0.399995
0.405551
0.411106
0.449995
