0.0410958
0.0547944
0.0410959
0.0410959
0.0410959
0.0410959
0.0479451
0.0547944
0.0593606
0.0639268
0.0958902
0.0958902
0.0958902
0.123287
0.123287
0.164383
0.164383
0.164383
0.178082
0.182648
0.187214
0.219177
0.22831
0.237442
0.246575
0.253424
0.273972
0.278538
0.283104
0.28767
0.295889
0.304109
0.312328
0.320547
0.356163
0.360729
0.365296
0.369862
0.374428
0.378994
0.410957
0.417807
0.438355
0.438355
0.438355
0.452053
0.456619
0.461186
0.47945
0.47945
0.47945
0.493149
0.506848
0.534245
0.534245
0.534245
0.57534
0.57534
0.589039
0.589039
0.589039
0.602738
0.61187
0.621002
0.643833
0.648399
0.652966
0.657532
0.664381
0.698628
0.698628
0.698628
0.712326
0.716892
0.721459
0.739723
0.746573
0.76712
0.771687
0.776253
0.794518
0.794518
0.794518
0.835613
0.835613
0.835613
0.844746
0.853878
0.890408
0.890408
0.890408
0.890408
0.890408
0.904106
0.904106
0.904106
0.917805
0.917805
0.917805
0.917805
0.917805
0.917805
0.922371
0.926937
0.931503
0.931503
0.931503
0.931503
0.931503
0.931503
0.931503
0.931503
0.945202
0.945202
0.945202
0.945202
0.945202
0.945202
0.945202
0.945202
0.945202
0.945202
0.945202
0.945202
0.945202
0.945202
0.945202
0.945202
0.945202
0.945202
0.945202
0.945202
0.945202
0.945202
0.945202
0.945202
0.945202
0.945202
0.945202
0.945202
0.945202
0.945202
0.945202
0.945202
0.945202
0.945202
0.945202
0.945202
0.945202
0.945202
0.945202
0.945202
0.945202
0.931503
0.931503
0.931503
0.931503
0.931503
0.931503
0.926937
0.922371
0.917805
0.910956
0.904106
0.89954
0.894974
0.890408
0.890408
0.890408
0.876709
0.86986
0.849312
0.849312
0.849312
0.835613
0.831047
0.826481
0.808216
0.787668
0.76712
0.762554
0.757988
0.726025
0.712326
0.698628
0.684929
0.67808
0.67123
0.662098
0.652966
0.602738
0.589039
0.57534
0.561642
0.557076
0.552509
0.506848
0.499998
0.465752
0.458902
0.452053
0.445204
0.438355
0.431505
0.410957
0.39041
0.369862
0.351597
0.333332
0.301369
0.301369
0.301369
0.273972
0.273972
0.260273
0.255707
0.251141
0.232876
0.22831
0.223744
0.219177
0.212328
0.205479
0.205479
0.205479
0.19178
0.19178
0.19178
0.178082
0.178082
0.150684
0.150684
0.150684
0.123287
0.123287
0.123287
0.0821916
0.0821916
0.0821916
0.068493
0.068493
0.0273973
0.0273973
0.0273973
0.0273973
0.0273973
0.0273973
1.19209e-07
1.19209e-07
1.19209e-07
1.19209e-07
1.19209e-07
1.19209e-07
1.19209e-07
1.19209e-07
1.19209e-07
1.19209e-07
1.19209e-07
-0.027397
