0.0136986
0.0136986
0.0136986
0.0136986
0.0136986
0.0136986
0.0136986
0.0136986
0.0136986
0.0739741
0.0821935
0.0936094
0.105025
0.116441
0.127857
0.139273
0.150689
0.160173
0.169657
0.179141
0.188625
0.198109
0.207593
0.217076
0.22656
0.236044
0.245528
0.255012
0.264496
0.27398
0.279974
0.285967
0.29196
0.297954
0.303947
0.30994
0.315934
0.321927
0.32792
0.333914
0.339907
0.3459
0.351894
0.357887
0.36388
0.369874
0.376723
0.383573
0.390422
0.397272
0.404121
0.410971
0.41782
0.42467
0.431519
0.438369
0.445218
0.452068
0.458917
0.465767
0.476041
0.486316
0.49659
0.506864
0.517138
0.527413
0.537687
0.547961
0.5644
0.580839
0.597278
0.613717
0.630156
0.637005
0.643855
0.650704
0.657554
0.664403
0.671253
0.684952
0.698651
0.716916
0.735182
0.753447
0.758584
0.763721
0.768859
0.773996
0.779133
0.78427
0.789407
0.794544
0.808243
0.821942
0.835642
0.849341
0.86304
0.876739
0.890438
0.904137
0.912356
0.920576
0.928795
0.937015
0.945234
0.958933
0.972632
1.00003
1.00003
1.00003
1.00003
1.00003
1.00003
1.00003
1.00003
0.986331
0.984048
0.981765
0.979482
0.977198
0.974915
0.972632
0.964413
0.956193
0.947974
0.939754
0.931535
0.920576
0.909616
0.898657
0.887698
0.876739
0.860756
0.844774
0.828792
0.81281
0.796827
0.780845
0.770571
0.760297
0.750022
0.739748
0.729474
0.7192
0.708925
0.698651
0.688377
0.678102
0.667828
0.657554
0.64728
0.637005
0.626731
0.616457
0.606494
0.596531
0.586568
0.576605
0.566642
0.556679
0.546716
0.536753
0.52679
0.516827
0.506864
0.484946
0.463027
0.441109
0.41919
0.397272
0.38871
0.380148
0.371586
0.363024
0.354462
0.3459
0.337338
0.328776
0.315077
0.301378
0.287679
0.27398
0.260281
0.246582
0.232883
0.219184
0.214618
0.210051
0.205485
0.198635
0.191786
0.18722
0.182653
0.178087
0.178087
0.178087
0.178087
0.174662
0.171237
0.167813
0.164388
0.160963
0.157538
0.154114
0.150689
0.147264
0.143839
0.140414
0.13699
0.133565
0.13014
0.126715
0.123291
0.117811
0.112331
0.106852
0.101372
0.0958925
0.0958925
0.0958925
0.0958925
0.0924678
0.089043
0.0856183
0.0821935
0.0787687
0.075344
0.0719192
0.0684944
0.0645804
0.0606664
0.0567524
0.0528384
0.0489244
0.0450104
0.0410963
0.0371823
0.0332683
0.0293543
0.0254403
0.0215263
0.0176122
0.0136982
0.0136982
0.0136982
0.0136982
0.0136982
0.0136982
0.0136982
0.0136982
-8.34465e-07
-8.34465e-07
-8.34465e-07
2.02656e-06
2.02656e-06
2.02656e-06
2.02656e-06
2.02656e-06
2.02656e-06
