1
0.986301
0.945205
0.945205
0.945205
0.90411
0.90411
0.780823
0.780823
0.780823
0.739727
0.739727
0.739727
0.657535
0.650686
0.61644
0.61644
0.61644
0.547947
0.54338
0.538814
0.438358
0.438358
0.438358
0.410961
0.404112
0.383564
0.383564
0.383564
0.383564
0.378998
0.374431
0.356167
0.349317
0.342468
0.337902
0.333336
0.328769
0.328769
0.328769
0.328769
0.32192
0.301372
0.301372
0.301372
0.301372
0.29224
0.283108
0.273975
0.273975
0.260277
0.25571
0.251144
0.232879
0.232879
0.232879
0.219181
0.212332
0.191784
0.191784
0.191784
0.178085
0.178085
0.178085
0.178085
0.178085
0.178085
0.150688
0.150688
0.150688
0.146122
0.141556
0.136989
0.136989
0.136989
0.136989
0.136989
0.123291
0.123291
0.123291
0.123291
0.123291
0.123291
0.123291
0.116441
0.109592
0.109592
0.109592
0.109592
0.109592
0.109592
0.0958936
0.0958936
0.0958936
0.0958936
0.0958936
0.0958936
0.0958936
0.0958936
0.082195
0.082195
0.082195
0.082195
0.082195
0.082195
0.082195
0.082195
0.0684965
0.0684965
0.0684965
0.0684965
0.0684965
0.0684965
0.0684965
0.0684965
0.0684965
0.0684965
0.0684965
0.0547979
0.0547979
0.0547979
0.0547979
0.0547979
0.0547979
0.0547979
0.0547979
0.0547979
0.0547979
0.0547979
0.0547979
0.0547979
0.0547979
0.0547979
0.0547979
0.0547979
0.0547979
0.0547979
0.0547979
0.0547979
0.0547979
0.0547979
0.0547979
0.0547979
0.0547979
0.0547979
0.0547979
0.0547979
0.0410993
0.0410993
0.0410993
0.0410993
0.0410993
0.0410993
0.0410993
0.0410993
0.0410993
0.0410993
0.0410993
0.0410993
0.0410993
0.0410993
0.0410993
0.0410993
0.0410993
0.0410993
0.0410993
0.0410993
0.0410993
0.0410993
0.0410993
0.0410993
0.0410993
0.0410993
0.0410993
0.0410993
0.0410993
0.0410993
0.0410993
0.0410993
0.0274007
0.0274007
0.0274007
0.0274007
0.0274007
0.0274007
0.0274007
0.0274007
0.0274007
0.0274007
0.0274007
0.0274007
0.0274007
0.0274007
0.0274007
0.0274007
0.0274007
0.0274007
0.0274007
0.0136986
0.0182648
0.022831
0.0273972
2.38419e-07
2.38419e-07
2.38419e-07
2.38419e-07
2.38419e-07
2.38419e-07
2.38419e-07
2.38419e-07
2.38419e-07
2.38419e-07
2.38419e-07
2.38419e-07
2.38419e-07
2.38419e-07
2.38419e-07
2.38419e-07
2.38419e-07
2.38419e-07
2.38419e-07
2.38419e-07
2.38419e-07
2.38419e-07
2.38419e-07
2.38419e-07
2.38419e-07
2.38419e-07
2.38419e-07
2.38419e-07
2.38419e-07
2.38419e-07
2.38419e-07
2.38419e-07
2.38419e-07
2.38419e-07
2.38419e-07
2.38419e-07
2.38419e-07
2.38419e-07
2.38419e-07
2.38419e-07
2.38419e-07
2.38419e-07
2.38419e-07
2.38419e-07
2.38419e-07
2.38419e-07
2.38419e-07
2.38419e-07
2.38419e-07
2.38419e-07
2.38419e-07
2.38419e-07
2.38419e-07
2.38419e-07
2.38419e-07
2.38419e-07
2.38419e-07
