1.78814e-07
1.78814e-07
1.78814e-07
1.78814e-07
1.78814e-07
1.78814e-07
0.0136988
0.0136988
0.0273973
0.0273973
0.0273973
0.520546
0.520546
0.534245
0.534245
0.589039
0.589039
0.589039
0.67123
0.67123
0.67123
0.712326
0.712326
0.739723
0.739723
0.739723
0.76712
0.76712
0.76712
0.794518
0.799084
0.80365
0.849312
0.849312
0.86301
0.86301
0.86301
0.876709
0.876709
0.876709
0.876709
0.876709
0.904106
0.908672
0.913239
0.917805
0.917805
0.917805
0.931503
0.931503
0.931503
0.931503
0.931503
0.945202
0.945202
0.945202
0.945202
0.945202
0.917805
0.917805
0.917805
0.904106
0.901823
0.89954
0.897257
0.894974
0.892691
0.86301
0.86301
0.86301
0.858444
0.853878
0.835613
0.831047
0.826481
0.794518
0.794518
0.739723
0.739723
0.739723
0.67123
0.67123
0.67123
0.643833
0.643833
0.616436
0.614153
0.61187
0.609587
0.607304
0.605021
0.589039
0.589039
0.561642
0.557076
0.552509
0.547943
0.547943
0.547943
0.534245
0.527395
0.506847
0.506847
0.506847
0.493149
0.488583
0.484016
0.47945
0.47945
0.47945
0.452053
0.452053
0.438354
0.438354
0.438354
0.438354
0.433788
0.429222
0.424656
0.417807
0.410957
0.410957
0.410957
0.397259
0.397259
0.397259
0.397259
0.390409
0.38356
0.38356
0.38356
0.369862
0.365295
0.360729
0.356163
0.356163
0.356163
0.356163
0.356163
0.342464
0.342464
0.342464
0.342464
0.342464
0.328766
0.328766
0.328766
0.328766
0.3242
0.319633
0.315067
0.315067
0.315067
0.28767
0.280821
0.273972
0.269405
0.264839
0.246574
0.246574
0.246574
0.232876
0.232876
0.233333
0.233333
0.233333
0.233333
0.216667
0.216667
0.216667
0.216667
0.216667
0.216667
0.216667
0.216667
0.216667
0.216667
0.216667
0.216667
0.216667
0.216667
0.216667
0.25
0.25
0.25
0.25
0.25
0.266666
0.266666
0.283333
0.288888
0.294444
0.299999
0.308332
0.333332
0.333332
0.333332
0.366665
0.374998
0.399997
0.399997
0.416664
0.416664
0.416664
0.43333
0.441664
0.516662
0.516662
0.516662
0.566662
0.566662
0.599994
0.599994
0.599994
0.633327
0.64166
0.66666
0.672216
0.677771
0.733326
0.733326
0.749992
0.749992
0.799991
0.794436
0.78888
0.783325
0.774992
0.366665
0.366665
0.366665
0.333332
0.333332
0.316665
0.316665
0.316665
0.299999
0.299999
0.283333
0.283333
0.183334
0.183334
0.183334
0.133335
0.125002
0.100002
0.100002
0.100002
0.0833356
0.0833356
0.0666692
0.0666692
0.0666692
0.0500028
0.0500028
0.0333364
0.0333364
0.01667
3.57628e-06
