0.0410958
0.0547944
0.0958903
0.0958903
0.0958903
0.150685
0.157534
0.232876
0.237442
0.242008
0.28767
0.292237
0.296803
0.315068
0.315068
0.342465
0.347031
0.351597
0.397259
0.397259
0.397259
0.575341
0.575341
0.575341
0.657532
0.664381
0.712326
0.716892
0.721459
0.753422
0.753422
0.753422
0.767121
0.77397
0.794518
0.799084
0.80365
0.821915
0.826481
0.831047
0.835613
0.849312
0.863011
0.867577
0.866667
0.883334
0.883334
0.883334
0.883334
0.883334
0.883334
0.883334
0.883334
0.883334
0.883334
0.883334
0.883334
0.883334
0.883334
0.9
0.9
0.9
0.9
0.9
0.9
0.9
0.9
0.9
0.9
0.9
0.9
0.9
0.9
0.9
0.9
0.9
0.9
0.9
0.9
0.9
0.9
0.9
0.9
0.9
0.9
0.9
0.9
0.9
0.891667
0.883334
0.883334
0.883334
0.883334
0.883334
0.866667
0.863334
0.860001
0.856668
0.853334
0.850001
0.850001
0.850001
0.844446
0.83889
0.833335
0.825001
0.816668
0.813335
0.810002
0.806668
0.803335
0.800002
0.800002
0.800002
0.800002
0.796668
0.793335
0.790002
0.786669
0.783335
0.775002
0.766669
0.763336
0.760002
0.756669
0.753336
0.750003
0.741669
0.733336
0.730003
0.72667
0.723336
0.720003
0.71667
0.713336
0.710003
0.70667
0.703337
0.700003
0.693337
0.68667
0.680004
0.673337
0.666671
0.658337
0.650004
0.641671
0.633338
0.625004
0.616671
0.608338
0.600005
0.591672
0.583338
0.579172
0.575005
0.570839
0.566672
0.561672
0.556672
0.551672
0.546672
0.541672
0.536673
0.531673
0.526673
0.521673
0.516673
0.511673
0.506673
0.501673
0.496673
0.491673
0.486673
0.481673
0.476673
0.471673
0.450007
0.446674
0.443341
0.440007
0.436674
0.433341
0.426674
0.420008
0.413341
0.406674
0.400008
0.391675
0.383341
0.383341
0.383341
0.383341
0.366675
0.350009
0.341675
0.316676
0.31112
0.305565
0.300009
0.300009
0.283343
0.277788
0.272232
0.266677
0.266677
0.266677
0.266677
0.266677
0.25001
0.25001
0.233344
0.216677
0.200011
0.233344
0.233344
0.216678
0.216678
0.216678
0.183345
0.183345
0.166679
0.166679
0.166679
0.150012
0.141679
0.133346
0.133346
0.116679
0.116679
0.116679
0.100013
0.100013
0.100013
0.100013
0.100013
0.0833465
0.0821916
0.0821916
0.068493
0.068493
0.0273973
0.0273973
0.0273973
0.0273973
0.0273973
0.0273973
1.19209e-07
1.19209e-07
1.19209e-07
1.19209e-07
1.19209e-07
1.19209e-07
1.19209e-07
1.19209e-07
1.19209e-07
1.19209e-07
1.19209e-07
-0.027397
