0.342859
0.338097
0.333335
0.328573
0.328573
0.328573
0.328573
0.328573
0.328573
0.328573
0.328573
0.328573
0.328573
0.328573
0.328573
0.328573
0.328573
0.328573
0.328573
0.314287
0.314287
0.314287
0.323811
0.324605
0.325399
0.326192
0.326986
0.32778
0.328573
0.329872
0.331171
0.33247
0.333768
0.335067
0.336366
0.337664
0.338963
0.340262
0.34156
0.342859
0.346941
0.351022
0.355104
0.359186
0.363267
0.367349
0.371431
0.371431
0.371431
0.371431
0.371431
0.371431
0.371431
0.371431
0.371431
0.373216
0.375002
0.376788
0.378574
0.380359
0.382145
0.383931
0.385717
0.388574
0.391431
0.394288
0.397145
0.400002
0.40286
0.405717
0.408574
0.411431
0.414288
0.416074
0.41786
0.419645
0.421431
0.423217
0.425003
0.426788
0.428574
0.433336
0.438098
0.44286
0.450003
0.457146
0.457146
0.457146
0.457146
0.457146
0.457146
0.461908
0.466669
0.471431
0.474289
0.477146
0.480003
0.48286
0.485717
0.488574
0.491432
0.494289
0.497146
0.500003
0.50286
0.505717
0.508574
0.511432
0.514289
0.519051
0.523813
0.528575
0.528575
0.528575
0.528575
0.528575
0.528575
0.531432
0.534289
0.537146
0.540003
0.54286
0.547622
0.552384
0.557146
0.560003
0.562861
0.565718
0.568575
0.571432
0.573218
0.575003
0.576789
0.578575
0.580361
0.582146
0.583932
0.585718
0.585718
0.585718
0.585718
0.585718
0.585718
0.585718
0.585718
0.588099
0.59048
0.592861
0.595242
0.597623
0.600004
0.602861
0.605718
0.608575
0.611432
0.614289
0.614289
0.614289
0.614289
0.614289
0.614289
0.617147
0.620004
0.622861
0.625718
0.628575
0.633337
0.638099
0.642861
0.650004
0.657147
0.660004
0.662861
0.665718
0.668575
0.671433
0.676195
0.680956
0.685718
0.685718
0.685718
0.685718
0.685718
0.685718
0.69048
0.695242
0.700004
0.707147
0.71429
0.719052
0.723814
0.728576
0.733338
0.7381
0.757147
0.760005
0.762862
0.765719
0.768576
0.771433
0.777556
0.783678
0.789801
0.795923
0.802046
0.808168
0.814291
0.814291
0.814291
0.828576
0.828576
0.828576
0.842862
0.842862
0.857148
0.857148
0.857148
0.871434
0.871434
0.871434
0.876196
0.880958
0.900005
0.907148
0.914291
0.914291
0.914291
0.685718
0.680956
0.676195
0.514289
0.507146
0.485717
0.476193
0.466669
0.457146
0.450003
0.428574
0.428574
0.428574
0.428574
0.423812
0.41905
0.400002
0.392859
0.371431
0.371431
0.371431
0.371431
0.371431
0.357145
0.357145
0.357145
0.357145
0.357145
0.357145
0.357145
0.357145
0.328573
