-0.016668
0.0416661
0.0499995
0.0533329
0.0166667
0.0166667
0.0333335
0.0333335
0.0333335
0.0333335
0.041667
0.0666673
0.0666673
0.0666673
0.0833342
0.0833342
0.100001
0.100001
0.100001
0.100001
0.108335
0.116668
0.116668
0.116668
0.122224
0.127779
0.150002
0.150002
0.166669
0.166669
0.166669
0.200002
0.200002
0.200002
0.206669
0.213336
0.220003
0.226669
0.233336
0.238892
0.244447
0.250003
0.258337
0.266667
0.275
0.283334
0.283334
0.283334
0.283334
0.291667
0.300001
0.316667
0.316667
0.316667
0.316667
0.316667
0.366667
0.366667
0.433335
0.438891
0.444446
0.466669
0.466669
0.483336
0.500002
0.516669
0.533336
0.54167
0.583337
0.59167
0.666671
0.666671
0.666671
0.750006
0.750006
0.83334
0.83334
0.83334
0.850007
0.850007
0.850007
0.850007
0.850007
0.850007
0.858341
0.866674
0.866674
0.866674
0.866674
0.866674
0.866674
0.866674
0.866674
0.866674
0.866674
0.866674
0.866674
0.866674
0.866674
0.866674
0.866674
0.866674
0.866674
0.866674
0.866674
0.866674
0.866674
0.866674
0.866674
0.866674
0.866674
0.866674
0.866674
0.866674
0.866674
0.866674
0.866674
0.866674
0.866674
0.866674
0.866674
0.866674
0.866674
0.866674
0.866674
0.866674
0.866674
0.866674
0.866674
0.866674
0.858341
0.850007
0.850007
0.850007
0.850007
0.841674
0.816673
0.805562
0.794451
0.78334
0.78334
0.766673
0.241666
0.233332
0.229999
0.226666
0.223332
0.219999
0.216666
0.21111
0.205554
0.199999
0.199999
0.199999
0.196665
0.193332
0.189999
0.186665
0.183332
0.179998
0.176665
0.173332
0.169998
0.166665
0.163332
0.159998
0.156665
0.153331
0.149998
0.147617
0.145236
0.142855
0.140474
0.138093
0.135712
0.133331
0.131942
0.130553
0.129164
0.127775
0.126387
0.124998
0.123609
0.12222
0.120831
0.119442
0.118053
0.116664
0.116664
0.116664
0.116664
0.116664
0.116664
0.116664
0.116664
0.111109
0.105553
0.0999973
0.0999973
0.0999973
0.0999973
0.0999973
0.0999973
0.0999973
0.0999973
0.0999973
0.0999973
0.0999973
0.0999973
0.0999973
0.0999973
0.0999973
0.0999973
0.0999973
0.0999973
0.0916639
0.0666636
0.0666636
0.0666636
0.0666636
0.0666636
0.0666636
0.0633302
0.0599968
0.0566634
0.0533301
0.0499967
0.0499967
0.0499967
0.0499967
0.0499967
0.0499967
0.0499967
0.0333298
0.0333298
0.0333298
0.0333298
0.0333298
0.0333298
0.0333298
0.0333298
0.0333298
0.0333298
0.0333298
0.0333298
0.0333298
0.0333298
0.0249963
0.0166629
0.00832945
-3.99351e-06
-3.99351e-06
-3.99351e-06
-3.99351e-06
-3.99351e-06
-0.0166709
-0.0166709
-0.0166709
-0.0166709
