-0.016668
0.0416661
0.0499995
0.0533329
0
0
0.0166669
0.0166669
0.0166669
0.0333338
0.0333338
0.0333338
0.0333338
0.0333338
0.0500007
0.0500007
0.0666676
0.0666676
0.0666676
0.0666676
0.0666676
0.100001
0.108335
0.116668
0.127779
0.138891
0.150002
0.150002
0.150002
0.155558
0.161113
0.183336
0.200003
0.26667
0.26667
0.26667
0.416672
0.433339
0.516674
0.527785
0.538896
0.550007
0.575008
0.600008
0.608341
0.650009
0.66112
0.672231
0.766677
0.766677
0.800011
0.800011
0.800011
0.833344
0.833344
0.833344
0.833344
0.833344
0.850011
0.850011
0.866678
0.866678
0.866678
0.866678
0.866678
0.883345
0.883345
0.883345
0.883345
0.883345
0.883345
0.883345
0.883345
0.883345
0.883345
0.883345
0.883345
0.883345
0.883345
0.883345
0.883345
0.883345
0.883345
0.883345
0.883345
0.883345
0.883345
0.883345
0.883345
0.883345
0.883345
0.883345
0.883345
0.883345
0.883345
0.883345
0.883345
0.883345
0.883345
0.883345
0.875012
0.866678
0.866678
0.866678
0.850011
0.850011
0.850011
0.850011
0.850011
0.850011
0.850011
0.850011
0.850011
0.850011
0.850011
0.850011
0.850011
0.850011
0.700009
0.700009
0.700009
0.700009
0.675009
0.650009
0.638897
0.627786
0.583341
0.550007
0.366672
0.35556
0.344449
0.283337
0.26667
0.21667
0.21667
0.200003
0.194447
0.188891
0.183336
0.183336
0.183336
0.183336
0.183336
0.183336
0.183336
0.166669
0.164288
0.161907
0.159526
0.157145
0.154764
0.152383
0.150002
0.150002
0.150002
0.133335
0.133335
0.133335
0.133335
0.133335
0.133335
0.133335
0.133335
0.132224
0.131113
0.130002
0.128891
0.127779
0.126668
0.125557
0.124446
0.123335
0.122224
0.121113
0.120002
0.11889
0.117779
0.116668
0.116668
0.116668
0.116668
0.116668
0.116668
0.116668
0.116668
0.116668
0.116668
0.116668
0.116668
0.116668
0.116668
0.116668
0.116668
0.116668
0.116668
0.116668
0.116668
0.116668
0.116668
0.116668
0.116668
0.116668
0.116668
0.116668
0.116668
0.116668
0.116668
0.116668
0.116668
0.116668
0.116668
0.116668
0.116668
0.116668
0.116668
0.116668
0.116668
0.116668
0.116668
0.116668
0.116668
0.116668
0.116668
0.116668
0.116668
0.116668
0.116668
0.116668
0.116668
0.116668
0.100001
0.100001
0.100001
0.100001
0.0916679
0.0833344
0.0833344
0.0833344
0.0833344
0.075001
0.0666676
0.0666676
0.0666676
0.0500007
0.0500007
0.0500007
0.0500007
-0.0166669
-0.0166669
-0.0166669
-0.0166669
-0.0166669
-0.0166669
-0.0166669
-0.0166669
-0.0166669
-0.0166669
-0.0166669
-0.0166669
