0.0273973
0.0273973
0.0273973
0.0410958
0.0438356
0.0465753
0.049315
0.0520547
0.0547944
0.0593606
0.0639268
0.0821916
0.0821916
0.0821916
0.0867578
0.091324
0.0958902
0.100456
0.105023
0.109589
0.116438
0.136986
0.141552
0.146118
0.150684
0.155251
0.159817
0.19178
0.196346
0.200913
0.260273
0.273972
0.520546
0.534245
0.547943
0.57534
0.593605
0.61187
0.630135
0.636984
0.643833
0.652966
0.662098
0.67123
0.675797
0.680363
0.698628
0.705477
0.739723
0.74429
0.748856
0.753422
0.753422
0.753422
0.780819
0.787668
0.794518
0.799084
0.80365
0.808216
0.817349
0.826481
0.835613
0.835613
0.835613
0.835613
0.835613
0.849312
0.853878
0.858444
0.86301
0.86849
0.873969
0.879449
0.884928
0.904106
0.904106
0.904106
0.904106
0.909586
0.915065
0.920545
0.926024
0.931503
0.93607
0.940636
0.945202
0.949768
0.954334
0.958901
0.96575
0.972599
0.974882
0.977165
0.979448
0.981732
0.984015
0.986298
0.986298
0.986298
0.986298
0.986298
0.986298
0.986298
0.966667
0.966667
0.966667
0.963333
0.96
0.900001
0.900001
0.900001
0.891667
0.883334
0.883334
0.883334
0.866668
0.866668
0.850001
0.844446
0.83889
0.816668
0.816668
0.783336
0.783336
0.783336
0.71667
0.71667
0.666671
0.641671
0.566672
0.561117
0.555561
0.516673
0.516673
0.450007
0.450007
0.450007
0.433341
0.425008
0.416675
0.416675
0.416675
0.416675
0.400008
0.383342
0.383342
0.383342
0.383342
0.383342
0.383342
0.383342
0.383342
0.383342
0.383342
0.383342
0.391675
0.400008
0.400008
0.400008
0.400008
0.408341
0.416675
0.416675
0.416675
0.416675
0.416675
0.433341
0.433341
0.433341
0.438896
0.444452
0.450007
0.456674
0.46334
0.470007
0.476674
0.48334
0.490007
0.496673
0.50334
0.510006
0.550006
0.558339
0.566672
0.575005
0.616672
0.622227
0.627782
0.650004
0.650004
0.650004
0.661115
0.672226
0.733336
0.74167
0.800002
0.800002
0.800002
0.799999
0.799999
0.816666
0.822221
0.827777
0.849999
0.858332
0.883332
0.883332
0.883332
0.883332
0.883332
0.899998
0.899998
0.899998
0.933331
0.933331
0.933331
0.933331
0.899998
0.899998
0.899998
0.899998
0.899998
0.899998
0.899998
0.899998
0.883332
0.883332
0.866665
0.866665
0.866665
0.75
0.75
0.716667
0.716667
0.716667
0.666668
0.666668
0.666668
0.666668
0.666668
0.666668
0.666668
0.666668
0.666668
0.666668
0.666668
0.666668
0.666668
0.666668
0.666668
0.666668
0.666668
0.666668
0.666668
0.666668
0.666668
0.666668
0.666668
