0.0273973
0.0273973
0.0273973
0.0410958
0.0438356
0.0465753
0.049315
0.0520547
0.0547944
0.0593606
0.0639268
0.0821916
0.0821916
0.0821916
0.0867578
0.091324
0.0958902
0.100456
0.105023
0.109589
0.116438
0.136986
0.141552
0.146118
0.150684
0.155251
0.159817
0.19178
0.196346
0.200913
0.260273
0.273972
0.520546
0.534245
0.547943
0.57534
0.593605
0.61187
0.630135
0.636984
0.643833
0.652966
0.662098
0.67123
0.675797
0.680363
0.698628
0.705477
0.739723
0.74429
0.748856
0.753422
0.753422
0.753422
0.780819
0.787668
0.794518
0.799084
0.80365
0.808216
0.817349
0.826481
0.835613
0.835613
0.835613
0.835613
0.835613
0.849312
0.853878
0.858444
0.86301
0.86849
0.873969
0.879449
0.884928
0.904106
0.904106
0.904106
0.904106
0.909586
0.915065
0.920545
0.926024
0.931503
0.93607
0.940636
0.945202
0.949768
0.954334
0.958901
0.96575
0.972599
0.974882
0.977165
0.979448
0.981732
0.984015
0.986298
0.986298
0.986298
0.986298
0.986298
0.986298
0.986298
0.966667
0.966667
0.966667
0.963333
0.96
0.956667
0.953333
0.95
0.95
0.95
0.933334
0.933334
0.916667
0.911112
0.905556
0.900001
0.891668
0.883335
0.875001
0.850002
0.850002
0.850002
0.816669
0.816669
0.800003
0.800003
0.800003
0.800003
0.791669
0.783336
0.783336
0.783336
0.783336
0.783336
0.783336
0.783336
0.783336
0.783336
0.783336
0.800003
0.800003
0.800003
0.800003
0.800003
0.800003
0.808336
0.816669
0.816669
0.816669
0.833335
0.833335
0.833335
0.833335
0.833335
0.833335
0.837502
0.841669
0.845835
0.866668
0.866668
0.866668
0.866668
0.866668
0.883335
0.883335
0.883335
0.883335
0.883335
0.900001
0.900001
0.900001
0.900001
0.908334
0.933334
0.933334
0.95
0.95
0.95
0.95
0.95
0.966667
0.966667
0.966667
0.966667
0.966667
0.966667
0.966667
0.966667
0.966667
0.966667
0.966667
0.966667
0.966667
0.966667
0.966667
0.966667
0.958333
0.95
0.95
0.95
0.95
0.941667
0.933334
0.933334
0.933334
0.916667
0.916667
0.883335
0.883335
0.883335
0.850002
0.850002
0.833335
0.833335
0.816669
0.816669
0.816669
0.800003
0.800003
0.800003
0.800003
0.800003
0.800003
0.800003
0.800003
0.800003
0.800003
0.800003
0.800003
0.800003
0.808336
0.816669
0.822224
0.82778
0.850002
0.850002
0.883335
0.883335
0.883335
0.900001
0.900001
0.916667
0.916667
0.916667
0.933334
0.933334
0.95
0.95
0.95
0.95
0.95
0.95
0.95
0.966667
0.966667
