0.916667
0.916667
0.916667
0.911111
0.866667
0.858334
0.816668
0.816668
0.816668
0.766669
0.766669
0.683337
0.683337
0.683337
0.633338
0.633338
0.600005
0.594449
0.588894
0.516673
0.516673
0.500006
0.500006
0.450007
0.450007
0.450007
0.416674
0.408341
0.383342
0.377786
0.372231
0.350009
0.350009
0.333342
0.333342
0.333342
0.316676
0.308343
0.300009
0.294454
0.288898
0.266677
0.266677
0.25001
0.25001
0.25001
0.25001
0.25001
0.233344
0.233344
0.233344
0.233344
0.233344
0.233344
0.225011
0.216677
0.216677
0.216677
0.200011
0.200011
0.200011
0.200011
0.200011
0.200011
0.200011
0.183345
0.183345
0.166678
0.166678
0.166678
0.166678
0.166678
0.166678
0.161123
0.155567
0.150012
0.141679
0.133345
0.133345
0.116679
0.116679
0.116679
0.116679
0.116679
0.116679
0.116679
0.116679
0.116679
0.116679
0.116679
0.116679
0.116679
0.116679
0.116679
0.116679
0.116679
0.116679
0.116679
0.116679
0.116679
0.116679
0.116679
0.116679
0.116679
0.116679
0.116679
0.116679
0.116679
0.116679
0.116679
0.116679
0.116679
0.116679
0.116679
0.116679
0.116679
0.116679
0.116679
0.116679
0.116679
0.116679
0.116679
0.116679
0.116679
0.116679
0.116679
0.116679
0.116679
0.100012
0.100012
0.100012
0.100012
0.100012
0.100012
0.100012
0.100012
0.100012
0.100012
0.100012
0.100012
0.100012
0.100012
0.100012
0.100012
0.100012
0.100012
0.100012
0.100012
0.100012
0.100012
0.100012
0.100012
0.100012
0.100012
0.100012
0.100012
0.100012
0.100012
0.100012
0.100012
0.100012
0.100012
0.100012
0.100012
0.100012
0.100012
0.100012
0.100012
0.100012
0.100012
0.100012
0.100012
0.100012
0.100012
0.100012
0.100012
0.100012
0.100012
0.100012
0.100012
0.100012
0.100012
0.100012
0.100012
0.100012
0.100012
0.100012
0.100012
0.100012
0.100012
0.100012
0.100012
0.100012
0.100012
0.100012
0.100012
0.100012
0.100012
0.100012
0.100012
0.100012
0.100012
0.100012
0.100012
0.0833461
0.0833461
0.0833461
0.0833461
0.0833461
0.0833461
0.0833461
0.0666797
0.0666797
0.0666797
0.0666797
0.0666797
0.0666797
0.0666797
0.0666797
0.0666797
0.0666797
0.0666797
0.0666797
0.0500132
0.0500132
0.0500132
0.0500132
0.0500132
0.0333468
0.0333468
0.0333468
0.0333468
0.0333468
0.0333468
0.0333468
0.0333468
0.0333468
0.0333468
0.0333468
0.0333468
0.0333468
0.0277914
0.0222359
0.0166804
0.0166674
0.0166674
0.0166674
0.0166674
0.0166674
0.0166674
0.0166674
0.0166674
0.0166674
0.0166674
0.0166674
0.0166674
0
0
0
