5.96046e-08
0.0136986
0.0136986
0.0136986
0.0136986
0.0136986
5.96046e-08
5.96046e-08
5.96046e-08
0.0684931
0.0684931
0.0776255
0.0867579
0.0958903
0.106849
0.117808
0.128767
0.139726
0.260273
0.260273
0.260273
0.315068
0.3242
0.333332
0.38356
0.38356
0.38356
0.438355
0.452053
0.47945
0.47945
0.47945
0.493149
0.497715
0.502281
0.520546
0.527395
0.602738
0.602738
0.602738
0.643834
0.652053
0.660272
0.668491
0.67671
0.684929
0.690922
0.696915
0.702909
0.708902
0.714895
0.720888
0.726881
0.732874
0.738867
0.74486
0.750854
0.756847
0.76284
0.768833
0.774826
0.794518
0.794518
0.794518
0.808216
0.812783
0.817349
0.821915
0.826481
0.831047
0.835613
0.835613
0.835613
0.84018
0.844746
0.849312
0.858444
0.867577
0.876709
0.879449
0.882189
0.884928
0.887668
0.890408
0.894974
0.89954
0.904106
0.910956
0.917805
0.917805
0.917805
0.917805
0.923284
0.928764
0.934243
0.939723
0.945202
0.949768
0.954334
0.958901
0.958901
0.958901
0.958901
0.96575
0.972599
0.972599
0.972599
0.972599
0.972599
0.972599
0.972599
0.972599
0.972599
0.972599
0.972599
0.972599
0.972599
0.972599
0.972599
0.972599
0.972599
0.972599
0.972599
0.972599
0.972599
0.972599
0.972599
0.972599
0.972599
0.972599
0.972599
0.972599
0.972599
0.972599
0.972599
0.972599
0.972599
0.972599
0.96575
0.958901
0.958901
0.958901
0.958901
0.958901
0.958901
0.958901
0.945202
0.931504
0.931504
0.931504
0.931504
0.931504
0.931504
0.931504
0.931504
0.931504
0.931504
0.931504
0.931504
0.931504
0.931504
0.931504
0.931504
0.931504
0.931504
0.931504
0.931504
0.931504
0.931504
0.931504
0.931504
0.931504
0.931504
0.938353
0.945202
0.945202
0.945202
0.945202
0.945202
0.945202
0.945202
0.945202
0.945202
0.945202
0.945202
0.945202
0.945202
0.945202
0.945202
0.945202
0.945202
0.945202
0.945202
0.945202
0.945202
0.945202
0.945202
0.945202
0.945202
0.945202
0.945202
0.945202
0.945202
0.945202
0.945202
0.945202
0.945202
0.945202
0.945202
0.945202
0.949768
0.954334
0.958901
0.958901
0.958901
0.958901
0.958901
0.958901
0.958901
0.958901
0.958901
0.958901
0.958901
0.958901
0.958901
0.958901
0.958901
0.958901
0.958901
0.958901
0.958901
0.958901
0.958901
0.958901
0.958901
0.958901
0.958901
0.958901
0.958901
0.958901
0.958901
0.958901
0.958901
0.958901
0.958901
0.958901
0.958901
0.958901
0.958901
0.958901
0.958901
0.958901
0.958901
0.958901
0.958901
0.945202
0.945202
0.945202
0.945202
