0.0273973
0.0273973
0.0273973
0.0410959
0.0410959
0.0547944
0.0547944
0.0547944
0.068493
0.068493
0.068493
0.0821916
0.0821916
0.0958902
0.0958902
0.0958902
0.0958902
0.100456
0.105023
0.109589
0.109589
0.109589
0.123287
0.123287
0.136986
0.136986
0.136986
0.136986
0.136986
0.136986
0.150684
0.150684
0.150684
0.150684
0.150684
0.164383
0.164383
0.164383
0.164383
0.164383
0.178082
0.178082
0.178082
0.178082
0.178082
0.178082
0.178082
0.184931
0.19178
0.19178
0.19178
0.19178
0.19178
0.19178
0.19178
0.19178
0.205479
0.205479
0.205479
0.205479
0.205479
0.205479
0.205479
0.205479
0.205479
0.219177
0.219177
0.219177
0.219177
0.219177
0.219177
0.219177
0.219177
0.219177
0.226027
0.232876
0.232876
0.232876
0.232876
0.237442
0.242008
0.260273
0.260273
0.260273
0.264839
0.269405
0.273972
0.278538
0.283104
0.28767
0.28767
0.315067
0.315067
0.315067
0.315067
0.315067
0.315067
0.328766
0.328766
0.356163
0.360729
0.365296
0.369862
0.369862
0.369862
0.369862
0.369862
0.369862
0.369862
0.38356
0.397259
0.401825
0.406391
0.410957
0.410957
0.410957
0.410957
0.417807
0.424656
0.429222
0.433788
0.438355
0.438355
0.438355
0.438355
0.438355
0.438355
0.442921
0.447487
0.452053
0.452053
0.452053
0.452053
0.458902
0.465752
0.465752
0.465752
0.465752
0.470318
0.474884
0.47945
0.47945
0.47945
0.47945
0.47945
0.47945
0.488583
0.497715
0.506848
0.506848
0.506848
0.506848
0.513697
0.520546
0.520546
0.520546
0.520546
0.523286
0.526025
0.528765
0.531505
0.534245
0.538811
0.543377
0.547943
0.552509
0.557076
0.561642
0.568491
0.57534
0.579907
0.584473
0.589039
0.593605
0.598171
0.602738
0.609587
0.616436
0.616436
0.616436
0.630135
0.630135
0.630135
0.643833
0.650683
0.657532
0.657532
0.657532
0.67123
0.675797
0.680363
0.698628
0.698628
0.698628
0.698628
0.698628
0.712326
0.712326
0.712326
0.726025
0.730591
0.735157
0.739723
0.739723
0.753422
0.753422
0.753422
0.753422
0.753422
0.753422
0.76712
0.76712
0.76712
0.771687
0.776253
0.794518
0.794518
0.794518
0.794518
0.794518
0.794518
0.794518
0.794518
0.808216
0.808216
0.808216
0.808216
0.815066
0.821915
0.821915
0.821915
0.849312
0.849312
0.849312
0.863011
0.867577
0.872143
0.876709
0.883558
0.904106
0.904106
0.904106
0.917805
0.917805
0.917805
0.931503
0.931503
0.945202
0.945202
0.945202
0.945202
0.945202
0.945202
0.958901
0.958901
0.958901
0.958901
0.958901
0.958901
