0.0166584
0.0166584
0.0166584
0.0166584
0.0166584
0.0166584
0.0166584
0.0166584
0.0166584
0.0166584
0.0166584
0.0166584
0.0166584
0.0166584
0.0166584
0.0166584
0.0166584
0.0166584
0.0166584
0.0166584
0.0166584
0.0166584
0.0166584
0.0166584
0.0166584
0.0166584
0.0333253
0.0333253
0.0333253
0.0499922
0.0499922
0.0666591
0.0666591
0.0666591
0.083326
0.083326
0.0999929
0.0999929
0.0999929
0.11666
0.124993
0.133327
0.133327
0.133327
0.149994
0.149994
0.16666
0.16666
0.183327
0.183327
0.183327
0.216661
0.216661
0.233328
0.233328
0.233328
0.266662
0.266662
0.299996
0.299996
0.299996
0.316662
0.324996
0.349996
0.349996
0.38333
0.38333
0.38333
0.433331
0.433331
0.466664
0.466664
0.466664
0.483331
0.499998
0.516665
0.516665
0.516665
0.549999
0.549999
0.583333
0.583333
0.633333
0.633333
0.633333
0.65
0.653334
0.656667
0.66
0.663334
0.716668
0.716668
0.733335
0.733335
0.733335
0.733335
0.741668
0.750002
0.750002
0.750002
0.766668
0.766668
0.766668
0.766668
0.783335
0.783335
0.783335
0.783335
0.783335
0.800002
0.800002
0.800002
0.800002
0.800002
0.816669
0.816669
0.816669
0.816669
0.816669
0.833336
0.833336
0.86667
0.86667
0.86667
0.86667
0.86667
0.86667
0.86667
0.86667
0.86667
0.86667
0.86667
0.872225
0.877781
0.883337
0.883337
0.883337
0.883337
0.883337
0.883337
0.883337
0.883337
0.883337
0.883337
0.883338
0.883338
0.877782
0.872227
0.866671
0.858338
0.850004
0.844449
0.838893
0.833337
0.833337
0.81667
0.808337
0.800004
0.800004
0.800004
0.76667
0.758336
0.750003
0.750003
0.750003
0.750003
0.750003
0.733336
0.72778
0.722225
0.716669
0.716669
0.700002
0.694447
0.688891
0.666668
0.650002
0.633335
0.625001
0.600001
0.593334
0.586667
0.580001
0.573334
0.55
0.55
0.55
0.533333
0.525
0.516666
0.511111
0.505555
0.466666
0.466666
0.416665
0.416665
0.383331
0.377776
0.37222
0.349998
0.349998
0.333331
0.333331
0.333331
0.333331
0.333331
0.316664
0.316664
0.316664
0.316664
0.30833
0.28333
0.28333
0.28333
0.277774
0.272219
0.266663
0.266663
0.249996
0.244441
0.238885
0.233329
0.233329
0.233329
0.233329
0.233329
0.216662
0.216662
0.199996
0.199996
0.199996
0.149995
0.141661
0.133328
0.133328
0.116661
0.116661
0.116661
0.116661
0.108328
0.0833273
0.0833273
0.0833273
0.0499935
0.0499935
0.0333266
0.0333266
0.0333266
0.0333266
0.0333266
-7.15256e-06
-8.34465e-07
-8.34465e-07
2.02656e-06
2.02656e-06
2.02656e-06
2.02656e-06
2.02656e-06
2.02656e-06
