0.0136986
0.0136986
0.0136986
0.0273972
0.0273972
0.0273972
0.0273972
0.0273972
0.0273972
0.0273972
0.0273972
0.0273972
0.0273972
0.0273972
0.0273972
0.0273972
0.0273972
0.0273972
0.0273972
0.0410958
0.045662
0.0502282
0.0547944
0.0547944
0.0547944
0.0547944
0.0547944
0.0684929
0.0684929
0.0684929
0.0684929
0.0684929
0.0821915
0.0821915
0.0821915
0.0958901
0.0958901
0.0958901
0.0958901
0.0958901
0.109589
0.109589
0.109589
0.123287
0.123287
0.123287
0.164383
0.164383
0.19178
0.19178
0.19178
0.219177
0.219177
0.219177
0.246574
0.246574
0.28767
0.28767
0.28767
0.38356
0.38356
0.38356
0.452053
0.456619
0.461186
0.506847
0.506847
0.616436
0.616436
0.616436
0.643833
0.643833
0.643833
0.67123
0.67123
0.698628
0.698628
0.698628
0.726025
0.726025
0.726025
0.76712
0.76712
0.780819
0.780819
0.780819
0.808216
0.808216
0.808216
0.808216
0.808216
0.821915
0.821915
0.821915
0.835613
0.835613
0.835613
0.849312
0.849312
0.849312
0.853878
0.858444
0.86301
0.86301
0.86301
0.86301
0.86301
0.86301
0.86301
0.86301
0.876709
0.876709
0.876709
0.876709
0.876709
0.876709
0.876709
0.883558
0.890408
0.890408
0.890408
0.904106
0.904106
0.904106
0.904106
0.904106
0.904106
0.904106
0.904106
0.904106
0.904106
0.904106
0.904106
0.910955
0.917805
0.917805
0.917805
0.917805
0.917805
0.917805
0.917805
0.924654
0.931503
0.931503
0.931503
0.931503
0.931503
0.931503
0.945202
0.945202
0.945202
0.945202
0.945202
0.945202
0.945202
0.945202
0.945202
0.945202
0.945202
0.945202
0.945202
0.945202
0.945202
0.945202
0.945202
0.945202
0.945202
0.945202
0.945202
0.945202
0.945202
0.945202
0.958901
0.958901
0.958901
0.958901
0.958901
0.958901
0.958901
0.958901
0.958901
0.958901
0.958901
0.958901
0.958901
0.958901
0.958901
0.958901
0.958901
0.963467
0.968033
0.972599
0.972599
0.972599
0.972599
0.972599
0.972599
0.972599
0.972599
0.972599
0.972599
0.972599
0.972599
0.972599
0.972599
0.972599
0.972599
0.972599
0.972599
0.972599
0.972599
0.972599
0.958901
0.958901
0.958901
0.958901
0.958901
0.958901
0.958901
0.958901
0.958901
0.958901
0.958901
0.958901
0.958901
0.958901
0.958901
0.958901
0.958901
0.945206
0.945206
0.945206
0.945206
0.945206
0.945206
0.945206
0.945206
0.945206
0.945206
0.945206
0.945206
0.945206
0.945206
0.945206
0.945206
0.945206
0.945206
0.945206
0.945206
0.945206
0.945206
0.945206
0.945206
0.945206
0.945206
0.945206
0.945206
0.945206
0.945206
