0.0273973
0.0273973
0.945206
0.945206
0.945206
0.917808
0.910959
0.863014
0.853882
0.844749
0.753425
0.744293
0.735161
0.643837
0.630138
0.61644
0.607307
0.598175
0.547947
0.543381
0.538814
0.534248
0.525116
0.515983
0.438358
0.431509
0.383564
0.383564
0.383564
0.342468
0.342468
0.342468
0.301372
0.301372
0.287674
0.283108
0.278541
0.273975
0.269409
0.264843
0.246578
0.246578
0.246578
0.237446
0.228313
0.205482
0.200916
0.19635
0.191784
0.184934
0.178085
0.178085
0.178085
0.164387
0.164387
0.164387
0.150688
0.150688
0.136989
0.132423
0.127857
0.123291
0.123291
0.123291
0.123291
0.123291
0.123291
0.109592
0.109592
0.109592
0.109592
0.109592
0.109592
0.109592
0.109592
0.0958937
0.0958937
0.0958937
0.0913275
0.0867614
0.0821952
0.0821952
0.0821952
0.0684966
0.0684966
0.0684966
0.0684966
0.0684966
0.0684966
0.0684966
0.0684966
0.0821918
0.0821918
0.0821918
0.0821918
0.0821918
0.0821918
0.0821918
0.0821918
0.0821918
0.0821952
0.0684966
0.0684966
0.0684966
0.0684966
0.0684966
0.0684966
0.0684966
0.0684966
0.0684966
0.0684966
0.0684966
0.0684966
0.0684966
0.0684966
0.0684966
0.0684966
0.0684966
0.0684966
0.0684966
0.0684966
0.0684966
0.0684966
0.0684966
0.0684966
0.0684966
0.0684966
0.0684966
0.0684966
0.0684966
0.0684966
0.0684966
0.0684966
0.0684966
0.0684966
0.0684966
0.0684966
0.0684966
0.0684966
0.0684966
0.0684966
0.0684966
0.0684966
0.0684966
0.0684966
0.0684966
0.0684966
0.0684966
0.0684966
0.0684966
0.0684966
0.0684966
0.0684966
0.0684966
0.0684966
0.0684966
0.0684966
0.0684966
0.0684966
0.0639304
0.0593642
0.054798
0.0530857
0.0513734
0.049661
0.0479487
0.0462364
0.0445241
0.0428118
0.0410994
0.0410994
0.0410994
0.0410994
0.0410994
0.0410994
0.0410994
0.0410994
0.0410994
0.0410994
0.0410994
0.0410994
0.0410994
0.0410994
0.0410994
0.0410994
0.0410994
0.0410994
0.0410994
0.0410994
0.0410994
0.0410994
0.0410994
0.0410994
0.0410994
0.0410994
0.0410994
0.0410994
0.0410994
0.0410994
0.0410994
0.0410994
0.0410994
0.0410994
0.0410994
0.0410994
0.0410994
0.0410994
0.0410994
0.0410994
0.0410994
0.0410994
0.0410994
0.0410994
0.0410994
0.0410994
0.0365332
0.031967
0.0274009
0.0274009
0.0274009
0.0274009
0.0274009
0.0274009
0.0274009
0.0274009
0.0274009
0.0274009
0.0274009
0.0274009
0.0274009
0.0274009
0.0274009
0.0274009
0.0274009
0.0274009
0.0274009
0.0274009
0.0274009
0.0274009
0.0274009
0.0274009
0.0137023
0.0137023
0.0137023
0.0137023
0.0137023
0.0137023
0.0137023
0.0137023
0.0137023
0.0137023
0.0137023
3.69549e-06
3.69549e-06
3.69549e-06
3.69549e-06
3.69549e-06
3.69549e-06
0.958901
