0.0333328
0.0333328
0.0499992
0.0583324
0.0833321
0.0999985
0.216663
0.227774
0.238885
0.249996
0.258329
0.283329
0.29444
0.305551
0.333328
0.341661
0.383328
0.386661
0.389994
0.393327
0.396661
0.41666
0.424994
0.433327
0.438882
0.444438
0.46666
0.473326
0.479993
0.486659
0.493326
0.499992
0.508326
0.533325
0.538881
0.544436
0.549992
0.558325
0.566658
0.566658
0.566658
0.599991
0.608324
0.633324
0.633324
0.633324
0.638879
0.644435
0.666656
0.666656
0.666656
0.666656
0.666656
0.666656
0.67499
0.699989
0.699989
0.699989
0.699989
0.708323
0.716656
0.716656
0.733322
0.733322
0.733322
0.733322
0.741655
0.766655
0.769988
0.773322
0.776655
0.779988
0.799988
0.799988
0.799988
0.799988
0.799988
0.799988
0.816654
0.833321
0.833321
0.833321
0.833321
0.841654
0.866653
0.866653
0.866653
0.866653
0.866653
0.866654
0.833333
0.833333
0.833333
0.833333
0.833333
0.833333
0.833333
0.833333
0.827778
0.822222
0.816667
0.808334
0.8
0.794445
0.78889
0.783334
0.775001
0.766668
0.766668
0.766668
0.761112
0.755557
0.716668
0.708335
0.700002
0.694447
0.688891
0.666669
0.666669
0.633336
0.627781
0.622225
0.550004
0.541671
0.483339
0.477783
0.472228
0.466672
0.458339
0.38334
0.375007
0.333341
0.327785
0.32223
0.316675
0.291675
0.250009
0.244453
0.238898
0.20001
0.20001
0.166677
0.166677
0.166677
0.166677
0.166677
0.166677
0.158344
0.15001
0.144455
0.138899
0.133344
0.125011
0.116678
0.116678
0.116678
0.116678
0.116678
0.116678
0.116678
0.116678
0.116678
0.116678
0.116678
0.125011
0.233342
0.233342
0.233342
0.283342
0.291675
0.316675
0.316675
0.316675
0.333341
0.333341
0.366674
0.366674
0.366674
0.400007
0.400007
0.416673
0.441673
0.466672
0.466672
0.466672
0.500005
0.508338
0.516672
0.522227
0.527782
0.566671
0.583337
0.600003
0.611114
0.622225
0.633336
0.64167
0.650003
0.653336
0.656669
0.660003
0.663336
0.666669
0.676669
0.686669
0.696669
0.706669
0.733335
0.741668
0.750001
0.755557
0.761112
0.766668
0.766668
0.766668
0.766668
0.766668
0.766668
0.766668
0.783334
0.783334
0.783334
0.783334
0.783334
0.783334
0.783334
0.783334
0.783334
0.783334
0.783334
0.783334
0.733335
0.733335
0.733335
0.733335
0.733335
0.683336
0.636657
0.62999
0.623324
0.616657
0.605546
0.594435
0.583324
0.566658
0.549992
0.533325
0.516659
0.511103
0.505548
0.499992
0.474993
0.449993
0.444438
0.438882
0.41666
0.408327
0.399994
0.299995
