-2.38419e-07
0.00833321
0.0166667
0.0166667
0.0166667
0.0333335
0.0333335
0.0333335
0.0444448
0.0555561
0.0666673
0.0666673
0.116668
0.116668
0.133335
0.13889
0.144446
0.150002
0.150002
0.183335
0.183335
0.183335
0.233336
0.250003
0.300004
0.305559
0.311115
0.366671
0.366671
0.400005
0.416672
0.433339
0.438894
0.44445
0.466672
0.483339
0.516673
0.522229
0.527784
0.583341
0.591674
0.616674
0.616674
0.616674
0.633341
0.633341
0.633341
0.638897
0.644453
0.666675
0.666675
0.666675
0.675009
0.700009
0.705565
0.71112
0.716676
0.733343
0.75001
0.75001
0.75001
0.75001
0.75001
0.75001
0.75001
0.75001
0.75001
0.758343
0.766676
0.77001
0.773343
0.776677
0.78001
0.80001
0.80001
0.816677
0.816677
0.816677
0.833344
0.833344
0.833344
0.833344
0.833344
0.833344
0.833344
0.833344
0.841677
0.850011
0.850011
0.850011
0.850011
0.858344
0.866678
0.866678
0.866678
0.866678
0.866678
0.866678
0.866678
0.866678
0.866678
0.866678
0.866678
0.866678
0.866678
0.866678
0.866678
0.866678
0.866678
0.866678
0.866678
0.866678
0.866678
0.866678
0.866678
0.866678
0.866678
0.866678
0.866678
0.866678
0.866678
0.866678
0.866678
0.866678
0.866678
0.875011
0.883345
0.883345
0.883345
0.883345
0.883345
0.883345
0.883345
0.883345
0.883345
0.883345
0.900012
0.900012
0.900012
0.900012
0.900012
0.900012
0.900012
0.900012
0.905567
0.911123
0.916678
0.916678
0.916678
0.916678
0.916678
0.916678
0.925012
0.933345
0.933345
0.933345
0.933345
0.937512
0.941679
0.945846
0.950012
0.950012
0.950012
0.950012
0.950012
0.950012
0.950012
0.950012
0.966679
0.966679
0.966679
0.966679
0.966679
0.966679
0.966679
0.966679
0.970012
0.973346
0.976679
0.980013
0.983346
0.983346
0.983346
0.983346
0.983346
0.983346
0.950005
0.950005
0.950005
0.950005
0.950005
0.950005
0.966672
0.966672
0.966672
0.966672
0.966672
0.966672
0.966672
0.966672
0.966672
0.966672
0.966672
0.966672
0.966672
0.968338
0.970005
0.971672
0.973338
0.975005
0.976672
0.978338
0.980005
0.981672
0.983338
0.983338
0.983338
0.983338
0.983338
0.983338
0.983338
0.983338
0.983338
0.983338
0.983338
0.983338
0.983338
0.983338
0.983338
0.983338
0.991672
1.00001
1.00001
1.00001
1.00001
1.00001
1.00001
1.00001
1.00001
1.00001
1.00001
1.00001
0.983338
0.966672
0.966672
0.966672
0.966672
0.966672
0.966672
0.966672
0.966672
0.966672
0.966672
0.966672
0.966672
0.966672
0.966672
0.966672
0.966672
