0.0666669
0.0166677
0.0166677
0.0166677
0.0166677
0.0166677
0.0166677
0.0166677
0.0166677
0.0166677
0.0333341
0.0333341
0.0333341
0.0333341
0.0333341
0.0333341
0.0333341
0.0333341
0.0333341
0.0333341
0.0500005
0.0500005
0.0666669
0.0666669
0.0666669
0.0666669
0.0666669
0.0833333
0.0833333
0.0833333
0.0833333
0.0833333
0.0833333
0.0833333
0.0833333
0.0833333
0.0833333
0.0833333
0.0833333
0.166665
0.166665
0.166665
0.166665
0.166665
0.199998
0.204165
0.208331
0.212498
0.233331
0.238886
0.244442
0.249997
0.249997
0.266664
0.277775
0.288886
0.299996
0.299996
0.299996
0.305552
0.311107
0.333329
0.333329
0.349996
0.349996
0.383328
0.383328
0.383328
0.399995
0.403328
0.406662
0.409995
0.413328
0.433328
0.433328
0.483327
0.483327
0.483327
0.51666
0.51666
0.533326
0.533326
0.566659
0.566659
0.566659
0.583325
0.583325
0.616658
0.616658
0.616658
0.633325
0.633325
0.649991
0.649991
0.649991
0.683324
0.683324
0.683324
0.683324
0.683324
0.688879
0.694435
0.716657
0.72499
0.733323
0.733323
0.733323
0.74999
0.758323
0.766656
0.766656
0.766656
0.783322
0.791656
0.799989
0.799989
0.799989
0.816655
0.833322
0.849988
0.849988
0.849988
0.855544
0.861099
0.866654
0.874988
0.883321
0.883321
0.883321
0.883321
0.883321
0.883321
0.888876
0.894432
0.899987
0.899987
0.899987
0.899987
0.899987
0.905543
0.911098
0.916654
0.916654
0.916654
0.916654
0.916654
0.916654
0.916654
0.916654
0.916654
0.916654
0.93332
0.93332
0.93332
0.93332
0.93332
0.93332
0.93332
0.93332
0.93332
0.93332
0.93332
0.93332
0.93332
0.93332
0.93332
0.93332
0.93332
0.93332
0.916653
0.88332
0.88332
0.866654
0.866654
0.866654
0.831047
0.826481
0.808216
0.787668
0.76712
0.762554
0.757988
0.726025
0.712326
0.698628
0.684929
0.67808
0.67123
0.662098
0.652966
0.602738
0.589039
0.57534
0.561642
0.557076
0.552509
0.506848
0.499998
0.465752
0.458902
0.452053
0.445204
0.438355
0.431505
0.410957
0.39041
0.369862
0.351597
0.333332
0.301369
0.301369
0.301369
0.273972
0.273972
0.260273
0.255707
0.251141
0.232876
0.22831
0.223744
0.219177
0.212328
0.205479
0.205479
0.205479
0.19178
0.19178
0.19178
0.178082
0.178082
0.150684
0.150684
0.150684
0.123287
0.123287
0.123287
0.0821916
0.0821916
0.0821916
0.068493
0.068493
0.0273973
0.0273973
0.0273973
0.0273973
0.0273973
0.0273973
1.19209e-07
1.19209e-07
1.19209e-07
1.19209e-07
1.19209e-07
1.19209e-07
1.19209e-07
1.19209e-07
1.19209e-07
1.19209e-07
1.19209e-07
-0.027397
