-0.0273978
-0.0273978
-0.0273978
-0.0273978
-0.0273978
-0.0273978
-0.0273978
-0.0273978
-0.0273978
-0.0273978
-0.0273978
-0.0273978
-0.0273978
-0.0273978
-0.0205484
-0.013699
-0.013699
-0.013699
-1.78659e-07
0.00456609
0.00913237
0.0136986
0.0136986
0.0273975
0.0319637
0.03653
0.0410963
0.0456625
0.0502288
0.0547951
0.0547951
0.0547951
0.0547951
0.0616445
0.0821927
0.0821927
0.0821927
0.0958915
0.100458
0.105024
0.10959
0.11644
0.164386
0.168952
0.173518
0.178084
0.178084
0.178084
0.205482
0.205482
0.219181
0.219181
0.219181
0.246578
0.251145
0.255711
0.287675
0.287675
0.287675
0.296808
0.30594
0.328771
0.328771
0.328771
0.34247
0.34932
0.356169
0.360735
0.365302
0.410964
0.415531
0.420097
0.424663
0.429229
0.433796
0.452061
0.452061
0.46576
0.46576
0.46576
0.46576
0.46576
0.46576
0.479458
0.479458
0.506856
0.511422
0.515989
0.520555
0.520555
0.520555
0.534254
0.534254
0.547952
0.547952
0.547952
0.547953
0.552519
0.557085
0.561651
0.561651
0.57535
0.57535
0.57535
0.589049
0.589049
0.589049
0.616447
0.616447
0.630145
0.630145
0.630145
0.643844
0.643844
0.643844
0.657543
0.657543
0.657543
0.657543
0.671242
0.684941
0.684941
0.684941
0.712338
0.715078
0.717818
0.720558
0.723297
0.726037
0.73517
0.744302
0.753435
0.753435
0.753435
0.753435
0.767134
0.780832
0.785399
0.789965
0.80823
0.812796
0.817363
0.821929
0.821929
0.835628
0.84476
0.853893
0.863025
0.863025
0.863025
0.863025
0.869875
0.876724
0.876724
0.876724
0.890423
0.894989
0.899555
0.904122
0.913254
0.922387
0.931519
0.931519
0.931519
0.936086
0.940652
0.945218
0.947958
0.950698
0.953437
0.956177
0.972616
0.972603
0.972603
0.972603
0.972603
0.972603
0.972603
0.972603
0.972603
0.972603
0.972603
0.972603
0.972603
0.972603
0.972603
0.972603
0.972603
0.972603
0.972603
0.972603
0.972603
0.972603
0.972603
0.972603
0.972603
0.972603
0.972603
0.972603
0.972603
0.972603
0.972603
0.972603
0.972603
0.972603
0.986302
0.986302
0.986302
0.986302
0.986302
0.986302
0.986302
0.986302
0.986302
0.986302
0.986302
0.986302
0.986302
0.986302
0.986302
0.986302
0.986302
0.986302
0.986302
0.986302
0.986302
0.986302
0.986302
0.986302
0.986302
0.986302
0.986302
0.986302
0.986302
0.986302
0.986302
0.986302
0.986302
0.986302
0.986302
0.986302
0.986302
0.986302
0.986302
0.986302
0.972603
0.972603
0.972603
0.972603
0.972603
0.972603
0.972603
0.972603
0.972603
0.972603
0.972603
0.972603
0.972603
0.986301
