0.0273973
0.0273973
0.0273973
0.0410959
0.0333331
0.0366663
0.0399996
0.0433329
0.0466662
0.0666659
0.0666659
0.0666659
0.0722214
0.0777768
0.0833323
0.0833323
0.0999987
0.0999987
0.0999987
0.0999987
0.0999987
0.116665
0.116665
0.149998
0.149998
0.149998
0.166664
0.166664
0.166664
0.166664
0.166664
0.183331
0.183331
0.183331
0.183331
0.183331
0.199997
0.199997
0.199997
0.199997
0.199997
0.216664
0.216664
0.23333
0.23333
0.249996
0.249996
0.249996
0.249996
0.249996
0.249996
0.255552
0.261107
0.283329
0.291662
0.299996
0.302377
0.304758
0.307138
0.309519
0.3119
0.314281
0.316662
0.322218
0.327773
0.333328
0.333328
0.349995
0.349995
0.349995
0.349995
0.358328
0.383328
0.388883
0.394439
0.399994
0.408327
0.416661
0.419994
0.423327
0.42666
0.429994
0.433327
0.44166
0.449993
0.449993
0.449993
0.46666
0.46666
0.483326
0.483326
0.483326
0.566658
0.574991
0.583325
0.589991
0.596658
0.603324
0.609991
0.616657
0.624991
0.633324
0.636657
0.639991
0.643324
0.646657
0.64999
0.655546
0.661101
0.666657
0.67499
0.683323
0.688879
0.694434
0.69999
0.704156
0.708323
0.712489
0.716656
0.716656
0.716656
0.716656
0.724989
0.733322
0.733322
0.733322
0.733322
0.733322
0.749989
0.749989
0.749989
0.749989
0.749989
0.766655
0.766655
0.766655
0.766655
0.766655
0.783322
0.783322
0.783322
0.783322
0.783322
0.783322
0.783322
0.783322
0.783322
0.783322
0.783322
0.783322
0.783322
0.783322
0.783322
0.783322
0.783322
0.783322
0.783322
0.783322
0.783322
0.783322
0.766655
0.766655
0.749989
0.749989
0.749989
0.749989
0.741656
0.716656
0.7111
0.705545
0.69999
0.69999
0.64999
0.641657
0.616657
0.616657
0.616657
0.616657
0.616657
0.583325
0.583325
0.583325
0.566658
0.566658
0.549992
0.549992
0.549992
0.533325
0.533325
0.533325
0.524992
0.516659
0.516659
0.516659
0.499993
0.499993
0.483326
0.477771
0.472215
0.46666
0.458327
0.449993
0.438882
0.427771
0.416661
0.408327
0.399994
0.391661
0.366661
0.361106
0.35555
0.316662
0.316662
0.299996
0.299996
0.299996
0.249996
0.249996
0.23333
0.227775
0.222219
0.183331
0.174998
0.166664
0.158331
0.133332
0.127776
0.122221
0.1
0.1
0.1
0.1
0.1
0.1
0.1
0.0833336
0.0777781
0.0722227
0.0666672
0.0666672
0.0333344
0.0333344
0.0333344
0.0333344
0.0333344
0.0333344
0.0333344
0.0333344
0.0333344
0.0333344
0.016668
0.016668
-0.0166649
-0.0111094
-0.00555392
1.54972e-06
1.54972e-06
1.54972e-06
0.016668
