0.0410993
0.150688
0.945205
0.945205
0.945205
0.945205
0.945205
0.945205
0.945205
0.945205
0.958904
0.958904
0.958904
0.958904
0.958904
0.958904
0.958904
0.958904
0.958904
0.958904
0.958904
0.958904
0.958904
0.958904
0.958904
0.958904
0.958904
0.958904
0.958904
0.958904
0.958904
0.958904
0.958904
0.958904
0.958904
0.958904
0.958904
0.958904
0.958904
0.958904
0.958904
0.958904
0.958904
0.958904
0.958904
0.958904
0.958904
0.958904
0.958904
0.958904
0.958904
0.958904
0.958904
0.958904
0.958904
0.958904
0.958904
0.958904
0.958904
0.958904
0.958904
0.958904
0.958904
0.958904
0.958904
0.958904
0.958904
0.958904
0.958904
0.958904
0.958904
0.958904
0.958904
0.958904
0.958904
0.958904
0.958904
0.958904
0.958904
0.958904
0.958904
0.958904
0.958904
0.958904
0.958904
0.972603
0.972603
0.972603
0.972603
0.972603
0.972603
0.972603
0.972603
0.972603
0.972599
0.972599
0.972599
0.972599
0.972599
0.972599
0.972599
0.972599
0.972599
0.972599
0.972599
0.972599
0.972599
0.972599
0.972599
0.972599
0.972599
0.972599
0.972599
0.972599
0.972599
0.972599
0.972599
0.972599
0.972599
0.972599
0.972599
0.972599
0.972599
0.972599
0.972599
0.972599
0.972599
0.972599
0.972599
0.972599
0.972599
0.972599
0.972599
0.972599
0.972599
0.972599
0.972599
0.972599
0.972599
0.972599
0.972599
0.972599
0.972599
0.972599
0.972599
0.972599
0.972599
0.972599
0.972599
0.972599
0.972599
0.972599
0.972599
0.972599
0.972599
0.972599
0.972599
0.972599
0.972599
0.972599
0.972599
0.972599
0.972599
0.972599
0.972599
0.972599
0.972599
0.972599
0.972599
0.972599
0.972599
0.972599
0.972599
0.972599
0.972599
0.972599
0.972599
0.972599
0.972599
0.972599
0.972599
0.972599
0.972599
0.972599
0.972599
0.972599
0.972599
0.972599
0.972599
0.972599
0.972599
0.972599
0.972599
0.972599
0.972599
0.972599
0.972603
0.972603
0.972603
0.972603
0.972603
0.972603
0.972603
0.972603
0.972603
0.972603
0.972603
0.972603
0.972603
0.972603
0.972603
0.972603
0.972603
0.972603
0.972603
0.972603
0.972603
0.972603
0.972603
0.972603
0.972603
0.945205
0.945205
0.945205
0.945205
0.945205
0.945205
0.945205
0.945205
0.945205
0.945205
0.945205
0.945205
0.945205
0.945205
0.945205
0.945205
0.945205
0.945205
0.958904
0.954338
0.949772
0.945205
0.0136986
5.96046e-08
5.96046e-08
5.96046e-08
5.96046e-08
5.96046e-08
5.96046e-08
5.96046e-08
5.96046e-08
5.96046e-08
5.96046e-08
5.96046e-08
5.96046e-08
5.96046e-08
5.96046e-08
-0.0136984
