-0.0166662
-0.0166662
-0.0166662
-0.0166662
0.183335
0.191668
0.250002
0.916667
0.916667
0.916667
0.916667
0.916667
0.916667
0.916667
0.916667
0.916667
0.916667
0.916667
0.916667
0.916667
0.916667
0.916667
0.916667
0.916667
0.916667
0.916667
0.916667
0.916667
0.916667
0.916667
0.916667
0.916667
0.916667
0.916667
0.916667
0.933345
0.933345
0.933345
0.933345
0.933345
0.933345
0.933345
0.933345
0.933345
0.933345
0.933345
0.933345
0.933345
0.933345
0.933345
0.933345
0.933345
0.933345
0.933345
0.933345
0.933345
0.933345
0.933345
0.933345
0.933345
0.933345
0.933345
0.933345
0.933345
0.933345
0.933345
0.933345
0.933345
0.933345
0.933345
0.933345
0.933345
0.933345
0.933345
0.933345
0.933345
0.933345
0.933345
0.933345
0.933345
0.933345
0.933345
0.933345
0.933345
0.933345
0.933345
0.933345
0.933345
0.933345
0.933345
0.933345
0.933345
0.933345
0.933345
0.933345
0.933345
0.933345
0.933345
0.933345
0.933345
0.933345
0.933345
0.933345
0.933345
0.933345
0.933345
0.933345
0.933345
0.933345
0.933345
0.933345
0.933345
0.933345
0.933345
0.933345
0.933345
0.933345
0.933345
0.933345
0.933345
0.933345
0.933345
0.933345
0.933345
0.933345
0.933345
0.933345
0.933345
0.933345
0.933345
0.933345
0.933345
0.933345
0.933345
0.933345
0.933345
0.933345
0.933345
0.933345
0.933345
0.933345
0.933345
0.933345
0.933345
0.933345
0.933345
0.933345
0.933345
0.933345
0.933345
0.933345
0.933345
0.933345
0.933345
0.933345
0.933345
0.933345
0.933345
0.933345
0.933345
0.933345
0.933345
0.933345
0.933345
0.933345
0.933345
0.933345
0.933345
0.933345
0.933345
0.933345
0.933345
0.933345
0.933345
0.933345
0.933345
0.933345
0.933345
0.933345
0.933345
0.933345
0.933345
0.933345
0.933345
0.933345
0.933345
0.933345
0.933345
0.933345
0.933345
0.933345
0.933345
0.933345
0.933345
0.933345
0.933345
0.933345
0.933345
0.933345
0.933345
0.933345
0.933345
0.933345
0.933345
0.933345
0.933345
0.933345
0.933345
0.916678
0.916678
0.916678
0.916678
0.916678
0.916678
0.916678
0.916678
0.916678
0.916678
0.916678
0.916678
0.916678
0.916678
0.916678
0.916678
0.916678
0.916678
0.916678
0.916678
0.916678
0.916678
0.916678
0.916678
0.916678
0.85001
0.841677
0.566673
0.561118
0.555562
0.150001
0.150001
0.0833336
0.0833336
0.0833336
0.0666667
0.0666667
0.0666667
0.0583332
0.0333329
0.0333329
0.0333329
0.0333329
0.0333329
0.016666
0.016666
0.016666
-8.9407e-07
-8.9407e-07
-8.9407e-07
-8.9407e-07
