0
0.00456626
0.00913253
0.0136988
0.0136988
0.630144
0.634711
0.639277
0.657542
0.666674
0.675807
0.739735
0.739735
0.780831
0.785397
0.789964
0.821927
0.826494
0.83106
0.835626
0.849325
0.876723
0.881289
0.885855
0.917819
0.917819
0.917819
0.945217
0.945217
0.945217
0.945217
0.945217
0.945217
0.945217
0.945217
0.945217
0.945217
0.945217
0.945217
0.952066
0.958915
0.961198
0.963482
0.965765
0.968048
0.970331
0.972614
0.972614
0.972614
0.972614
0.972614
0.972614
0.972614
0.972614
0.972614
0.972614
0.972614
0.972614
0.972614
0.972614
0.972614
0.972614
0.972614
0.972614
0.972614
0.972614
0.972614
0.972614
0.972614
0.972614
0.972614
0.972614
0.972614
0.972614
0.972614
0.972614
0.972614
0.972614
0.972614
0.972614
0.972614
0.972614
0.972614
0.972614
0.974327
0.976039
0.977751
0.979464
0.981176
0.982888
0.984601
0.986313
0.986313
0.986313
0.986313
0.986313
0.986313
0.986313
0.986313
0.986313
0.986313
0.986313
0.986313
0.986313
0.986313
0.986313
0.986313
0.986313
0.986313
0.986313
0.986313
0.986313
0.986313
0.986313
0.986313
0.986313
0.986313
0.986313
0.986313
0.986313
0.986313
0.986313
0.986313
0.986313
0.986313
0.979464
0.972614
0.972614
0.972614
0.972614
0.972614
0.972614
0.972614
0.972614
0.972614
0.972614
0.972614
0.972614
0.972614
0.972614
0.972614
0.972614
0.972614
0.972614
0.972614
0.972614
0.972614
0.972614
0.972614
0.972614
0.972614
0.972614
0.972614
0.972614
0.972614
0.972614
0.972614
0.972614
0.972614
0.972614
0.972614
0.972614
0.970331
0.968048
0.965765
0.963482
0.945205
0.945205
0.945205
0.945205
0.945205
0.945205
0.945205
0.945205
0.945205
0.945205
0.945205
0.945205
0.945205
0.945205
0.945205
0.958905
0.958905
0.958905
0.965754
0.972603
0.972603
0.972603
0.972603
0.972603
0.972603
0.972603
0.972603
0.972603
0.972603
0.972603
0.972603
0.972603
0.972603
0.972603
0.972603
0.972603
0.972603
0.972603
0.945206
0.945206
0.945206
0.958905
0.958905
0.958905
0.958905
0.958905
0.958905
0.958905
0.958905
0.958905
0.958905
0.958905
0.958905
0.958905
0.958905
0.958905
0.958905
0.958905
0.958905
0.958905
0.958905
0.958905
0.958905
0.954338
0.949772
0.945206
0.940639
0.936073
0.931507
0.926941
0.922374
0.917808
0.0776236
0.0410935
0.0273947
0.0136959
0.0136959
0.0136959
0.0136959
0.0136959
0.0136959
0.0136959
0.0136959
0.0136959
0.0136959
0.0136959
-2.90386e-006
-2.90386e-006
-2.90386e-006
-2.90386e-006
-0.00456917
-0.00913543
-0.0137017
