0.10001
0.10001
0.133343
0.133343
0.133343
0.133343
0.133343
0.133343
0.158343
0.200009
0.208342
0.216675
0.216675
0.216675
0.250008
0.258341
0.316674
0.327785
0.338896
0.550004
0.558337
0.633336
0.638891
0.644447
0.75
0.75
0.766667
0.775
0.783333
0.788889
0.794444
0.816666
0.816666
0.833332
0.844443
0.855554
0.866665
0.866665
0.883332
0.888887
0.894443
0.916665
0.916665
0.916665
0.92222
0.927776
0.933331
0.933331
0.933331
0.933331
0.933331
0.933331
0.933331
0.933331
0.933331
0.933331
0.933331
0.933331
0.933331
0.933331
0.8
0.788889
0.777778
0.733334
0.725001
0.683335
0.675002
0.633336
0.622225
0.611114
0.583336
0.575003
0.56667
0.561114
0.555559
0.516671
0.508337
0.483338
0.477782
0.472227
0.466671
0.458338
0.433339
0.425005
0.400006
0.400006
0.400006
0.400006
0.383339
0.366673
0.366673
0.366673
0.350007
0.350007
0.33334
0.327785
0.322229
0.283341
0.283341
0.283341
0.275008
0.266675
0.261119
0.255564
0.250008
0.250008
0.233342
0.227786
0.222231
0.216675
0.216675
0.216675
0.216675
0.216675
0.200009
0.200009
0.183342
0.183342
0.183342
0.183342
0.183342
0.166676
0.166676
0.166676
0.166676
0.166676
0.15001
0.15001
0.15001
0.15001
0.15001
0.133343
0.133343
0.133343
0.127788
0.122232
0.116677
0.116677
0.116677
0.116677
0.10001
0.10001
0.10001
0.10001
0.10001
0.10001
0.0944549
0.0888995
0.083344
0.083344
0.083344
0.083344
0.083344
0.083344
0.083344
0.083344
0.083344
0.083344
0.083344
0.083344
0.083344
0.083344
0.0666776
0.0666776
0.0666776
0.0666776
0.0666776
0.0666776
0.0666776
0.0666776
0.0666776
0.0666776
0.0666776
0.0666776
0.0666776
0.0666776
0.0666776
0.0500003
0.0500003
0.0500003
0.0500003
0.0500003
0.0500003
0.0500003
0.0333338
0.0333338
0.0333338
0.0333338
0.0333338
0.0166674
0.0166674
0.0166674
0.0166674
0.0166674
0.0166674
0.0166674
1.01328e-06
1.01328e-06
1.01328e-06
1.01328e-06
1.01328e-06
1.01328e-06
1.01328e-06
1.01328e-06
1.01328e-06
1.01328e-06
1.01328e-06
1.01328e-06
1.01328e-06
1.01328e-06
1.01328e-06
1.01328e-06
1.01328e-06
1.01328e-06
1.01328e-06
1.01328e-06
1.01328e-06
1.01328e-06
1.01328e-06
1.01328e-06
1.01328e-06
1.01328e-06
1.01328e-06
1.01328e-06
1.01328e-06
1.01328e-06
1.01328e-06
1.01328e-06
1.01328e-06
1.01328e-06
1.01328e-06
1.01328e-06
-0.0166654
-0.0166654
-0.0166654
-0.0166654
-0.0166654
-0.0166654
-0.0166654
-0.0166654
-0.0166654
-0.0166654
-0.0166654
-0.0166654
-0.0166654
-0.0166654
-0.0166654
-0.0166654
-0.0166654
-0.0166654
-0.0166654
-0.0166654
-0.0166654
-0.0166654
-0.0166654
-0.0166654
-0.0166654
-0.0166654
0
