-0.0333318
1.01328e-06
0.0166674
0.0333338
0.0333338
0.0333338
0.0666667
0.0666667
0.116668
0.150002
0.150002
0.150002
0.183335
0.183335
0.916666
0.922221
0.927777
0.949999
0.949999
0.949999
0.949999
0.949999
0.949999
0.949999
0.949999
0.949999
0.949999
0.949999
0.949999
0.949999
0.949999
0.949999
0.949999
0.949999
0.949999
0.949999
0.949999
0.949999
0.949999
0.949999
0.949999
0.949999
0.949999
0.949999
0.949999
0.949999
0.949999
0.949999
0.933332
0.950012
0.950012
0.966679
0.966679
0.966679
0.966679
0.966679
0.966679
0.966679
0.966679
0.966679
0.966679
0.966679
0.966679
0.966679
0.966679
0.966679
0.966679
0.966679
0.950012
0.950012
0.950012
0.938901
0.92779
0.0499986
0.0499986
0.0833336
0.0833336
0.0500008
0.0500008
0.0500008
0.0500008
0.0500008
0.0500008
0.0500008
0.0500008
0.0500008
0.0500008
0.0500008
0.0500008
0.0500008
0.0500008
0.0500008
0.0500008
0.0500008
0.0500008
0.0500008
0.0500008
0.0500008
0.0500008
0.0500008
0.0500008
0.0500008
0.0500008
0.0500008
0.0500008
0.0500008
0.0500008
0.0500008
0.0500008
0.0500008
0.0500008
0.0500008
0.0500008
0.0500008
0.0333344
0.0333344
0.0333344
0.0333344
0.0333344
0.0333344
0.0500003
0.0500003
0.0500003
0.0500003
0.9
0.9
0.9
0.9
0.9
0.9
0.9
0.9
0.9
0.9
0.9
0.9
0.9
0.9
0.9
0.9
0.9
0.9
0.9
0.9
0.894444
0.888889
0.883334
0.883334
0.883334
0.883334
0.883334
0.883334
0.883334
0.883334
0.883334
0.883334
0.883334
0.883334
0.883334
0.883334
0.883334
0.883334
0.883334
0.883334
0.883334
0.866667
0.866667
0.866667
0.866667
0.866667
0.866667
0.944456
0.938901
0.916678
0.916678
0.0333338
0.0333338
0.0333338
0.0333338
0.0333338
0.0333338
0.0333338
0.0333338
0.0333338
0.0333338
0.0333338
0.0333338
0.0333338
0.0333338
0.0333338
0.0333338
0.0333338
0.0333338
0.0333338
0.0333338
0.0277784
0.0222229
0.0166674
0.0166674
0.0166674
0.0166674
0.0166674
0.0166674
0.0166674
1.01328e-06
1.01328e-06
1.01328e-06
1.01328e-06
1.01328e-06
1.01328e-06
1.01328e-06
0.899999
0.899999
0.899999
0.899999
0.899999
0.899999
0.899999
0.899999
0.899999
0.899999
0.899999
0.899999
0.899999
0.899999
0.899999
0.899999
0.899999
0.899999
0.899999
0.899999
0.899999
0.899999
0.899999
0.899999
0.899999
0.899999
0.899999
0.899999
0.899999
0.899999
0.899999
0.899999
0.899999
0.899999
0.899999
0.816672
0.816672
0.0333334
0.0250002
0.0166669
0.0166669
0.0166669
0.0166669
0.0166669
0.0166669
0.0166669
0.0166669
-0.0166659
