0.0547944
0.0624048
0.0700151
0.0776254
0.0852357
0.092846
0.100456
0.108067
0.115677
0.123287
0.130898
0.138508
0.146118
0.153729
0.161339
0.168949
0.17656
0.18417
0.19178
0.196346
0.200913
0.205479
0.210045
0.214611
0.219177
0.226027
0.232876
0.246575
0.260273
0.273972
0.292236
0.310501
0.328766
0.342465
0.369862
0.388126
0.406391
0.47945
0.488583
0.497715
0.561642
0.567121
0.572601
0.57808
0.58356
0.589039
0.607304
0.625569
0.643833
0.652395
0.660957
0.669518
0.67808
0.686641
0.695203
0.703765
0.712326
0.726025
0.739723
0.757988
0.776253
0.794518
0.799084
0.80365
0.808216
0.812782
0.817349
0.821915
0.856161
0.890408
0.894974
0.89954
0.904106
0.908672
0.913239
0.917805
0.920545
0.923284
0.926024
0.928764
0.931503
0.931503
0.931503
0.931503
0.934243
0.936983
0.939723
0.942462
0.945202
0.945202
0.945202
0.945202
0.945202
0.945202
0.949768
0.954334
0.958901
0.958901
0.958901
0.945205
0.945205
0.945205
0.931507
0.931507
0.917808
0.917808
0.917808
0.917808
0.908676
0.899544
0.890411
0.876713
0.863014
0.853882
0.844749
0.835617
0.824201
0.812786
0.80137
0.789955
0.778539
0.767124
0.739727
0.52055
0.515983
0.511417
0.506851
0.502285
0.497719
0.397262
0.369865
0.260277
0.25571
0.251144
0.219181
0.219181
0.219181
0.219181
0.219181
0.232879
0.237446
0.242012
0.287674
0.290413
0.293153
0.295893
0.298633
0.383564
0.392696
0.401829
0.410961
0.420093
0.429226
0.438358
0.458906
0.479454
0.488586
0.497719
0.534248
0.534248
0.534248
0.575344
0.57991
0.584476
0.589042
0.61644
0.643837
0.650686
0.657535
0.664385
0.671234
0.678083
0.684932
0.726028
0.767124
0.780823
0.794521
0.835617
0.844749
0.853882
0.876713
0.876713
0.876713
0.876713
0.876713
0.876713
0.876713
0.876713
0.876713
0.876713
0.876713
0.876713
0.876713
0.876713
0.876713
0.876713
0.876713
0.876713
0.876713
0.876713
0.876713
0.876713
0.876713
0.876713
0.876713
0.876713
0.876713
0.876713
0.876713
0.876713
0.876713
0.876713
0.876713
0.876713
0.876713
0.876713
0.876713
0.876713
0.876713
0.876713
0.863014
0.883558
0.849312
0.831047
0.812782
0.794518
0.757988
0.721459
0.630135
0.58219
0.47945
0.456619
0.433788
0.410957
0.388126
0.365296
0.246575
0.22831
0.210045
0.164383
0.153424
0.142465
0.131506
0.120548
0.109589
0.104109
0.0986299
0.0931505
0.087671
0.0821916
0.0776254
0.0730592
0.0410959
2.02656e-06
2.02656e-06
2.02656e-06
2.02656e-06
2.02656e-06
2.02656e-06
