3 4 0 0 0 0 0 0 0 0 0 0 0 0 0 0 0 0;
3 9 0.309091 5.40404 2979.08 95 0 0 1 0.01 191.793 0.275362 2.98499
0 0 0 0 0 0.0843197 0.181293 0.302449 0.437925 0.622789 0.713776 0.870986
1 3 /Users/ada/Documents/soundlibrary/Drums/75barsbreak.wav;
3 8 0.927273 1 15000 86 0 0 1 0.01 248.866 0.347826 18.0947 0 0 0 0
0 0 0 0 0 0 0 0 0 3 /Users/ada/Documents/soundlibrary/traptoolkit/Drum_Hits/ClosedHat_03.wav
;
3 5 0.4 5.40404 6110.64 113 0 0 0 0.01 1187.86 0.173913 897.85 0.444422
0 0 1 0.790698 0.24031 0.640952 0.728682 0.248062 0.550388 0.27907
0.459252 0 3 /Users/ada/Documents/Pd/recordings/mnc4.wav;
3 7 1.14545 8.70707 15000 116 0 0 1 4.09357 191.793 0.347826 9.92389
0 0 0 0 0 0 0 0 0 0 0 0 0 3 /Users/ada/Documents/soundlibrary/traptoolkit/Drum_Hits/Clap_07.wav
;
3 6 1.8 1 3358.02 86 0 0 1 0.0202911 322.923 0 44.5509 0 0 0 0 0 0
0 0 0 0 0 0 0 3 /Users/ada/Documents/soundlibrary/traptoolkit/Drum_Hits/Kick_09.wav
;
3 3 0 0 0 0 0 0 0 0;
3 2 1 0 0 0 1 0 0 0;
3 1 0 0 0 1 0 0 0 0;
0 4 0 0 1 0 0 1 1 0 0 0 1 0 0 1 1 0;
0 9 0.290909 7.60606 4529.86 109 0 0 0 0.0142447 498.487 0.724638 3.2993
0 0 0 0 0 0.0843197 0.181293 0.302449 0.437925 0.622789 0.713776 0.870986
1 3 /Users/ada/Documents/soundlibrary/Drums/75barsbreak.wav;
0 8 0.927273 1 15000 86 0 0 1 0.01 248.866 0.347826 18.0947 0 0 0 0
0 0 0 0 0 0 0 0 0 3 /Users/ada/Documents/soundlibrary/traptoolkit/Drum_Hits/ClosedHat_03.wav
;
0 5 0.4 5.40404 6110.64 113 0 0 1 0.01 1187.86 0.173913 897.85 0.444422
0 0 1 0.790698 0.24031 0.640952 0.728682 0.248062 0.550388 0.27907
0.459252 0 3 /Users/ada/Documents/Pd/recordings/mnc4.wav;
0 7 1.14545 8.70707 15000 116 0 0 1 4.09357 191.793 0.347826 9.92389
0 0 0 0 0 0 0 0 0 0 0 0 0 3 /Users/ada/Documents/soundlibrary/traptoolkit/Drum_Hits/Clap_07.wav
;
0 6 1.8 1 3358.02 86 0 0 1 0.0202911 322.923 0 44.5509 0 0 0 0 0 0
0 0 0 0 0 0 0 3 /Users/ada/Documents/soundlibrary/traptoolkit/Drum_Hits/Kick_09.wav
;
0 3 0 0 0 0 1 0 0 0;
0 2 1 0 0 0 1 0 0 0;
0 1 0 0 0 1 0 0 0 0;
1 4 0 0 0 0 0 0 0 0 0 0 0 0 0 0 0 0;
1 9 0.290909 7.60606 4529.86 109 0 0 0 0.0142447 498.487 0.724638 3.2993
0 0 0 0 0 0.0843197 0.181293 0.302449 0.437925 0.622789 0.713776 0.870986
1 3 /Users/ada/Documents/soundlibrary/Drums/75barsbreak.wav;
1 8 0.927273 1 15000 86 0 0 1 0.01 248.866 0.347826 18.0947 0 0 0 0
0 0 0 0 0 0 0 0 0 3 /Users/ada/Documents/soundlibrary/traptoolkit/Drum_Hits/ClosedHat_03.wav
;
1 5 0.4 5.40404 6110.64 113 0 0 1 0.01 1187.86 0.173913 897.85 0.444422
0 0 1 0.790698 0.24031 0.640952 0.728682 0.248062 0.550388 0.27907
0.459252 0 3 /Users/ada/Documents/Pd/recordings/mnc4.wav;
1 7 1.14545 8.70707 15000 116 0 0 1 4.09357 191.793 0.347826 9.92389
0 0 0 0 0 0 0 0 0 0 0 0 0 3 /Users/ada/Documents/soundlibrary/traptoolkit/Drum_Hits/Clap_07.wav
;
1 6 1.8 1 3358.02 86 0 0 1 0.0202911 322.923 0 44.5509 0 0 0 0 0 0
0 0 0 0 0 0 0 3 /Users/ada/Documents/soundlibrary/traptoolkit/Drum_Hits/Kick_09.wav
;
1 3 0 0 0 0 0 0 0 0;
1 2 1 0 0 0 1 0 0 0;
1 1 0 0 0 1 0 0 0 0;
2 4 0 0 0 0 0 0 0 0 0 0 0 0 0 0 0 0;
2 9 0.290909 7.60606 4529.86 109 0 0 0 0.0142447 498.487 0.724638 3.2993
0 0 0 0 0 0.0843197 0.181293 0.302449 0.437925 0.622789 0.713776 0.870986
1 3 /Users/ada/Documents/soundlibrary/Drums/75barsbreak.wav;
2 8 0.927273 1 15000 86 0 0 1 0.01 248.866 0.347826 18.0947 0 0 0 0
0 0 0 0 0 0 0 0 0 3 /Users/ada/Documents/soundlibrary/traptoolkit/Drum_Hits/ClosedHat_03.wav
;
2 5 0.4 5.40404 6110.64 113 0 0 0 0.01 1187.86 0.173913 897.85 0.444422
0 0 1 0.790698 0.24031 0.640952 0.728682 0.248062 0.550388 0.27907
0.459252 0 3 /Users/ada/Documents/Pd/recordings/mnc4.wav;
2 7 1.14545 8.70707 15000 116 0 0 1 4.09357 191.793 0.347826 9.92389
0 0 0 0 0 0 0 0 0 0 0 0 0 3 /Users/ada/Documents/soundlibrary/traptoolkit/Drum_Hits/Clap_07.wav
;
2 6 1.8 1 3358.02 86 0 0 1 0.0202911 322.923 0 44.5509 0 0 0 0 0 0
0 0 0 0 0 0 0 3 /Users/ada/Documents/soundlibrary/traptoolkit/Drum_Hits/Kick_09.wav
;
2 3 0 0 0 0 0 0 0 0;
2 2 1 0 0 0 1 0 0 0;
2 1 0 0 0 1 0 0 0 0;
5 4 0 0 0 0 0 0 0 0 0 1 0 0 0 0 0 0;
5 9 0.290909 5.40404 2979.08 94 0 0 1 0.0142447 498.487 0.724638 3.2993
0 0 0 0 0 0.0843197 0.181293 0.302449 0.437925 0.622789 0.713776 0.870986
1 3 /Users/ada/Documents/soundlibrary/Drums/75barsbreak.wav;
5 8 0.927273 1 15000 86 0 0 1 0.01 248.866 0.347826 18.0947 0 0 0 0
0 0 0 0 0 0 0 0 0 3 /Users/ada/Documents/soundlibrary/traptoolkit/Drum_Hits/ClosedHat_03.wav
;
5 5 0.4 5.40404 6110.64 113 0 0 0 0.01 1187.86 0.173913 897.85 0.444422
0 0 1 0.790698 0.24031 0.640952 0.728682 0.248062 0.550388 0.27907
0.459252 0 3 /Users/ada/Documents/Pd/recordings/mnc4.wav;
5 7 1.14545 8.70707 15000 116 0 0 1 4.09357 191.793 0.347826 9.92389
0 0 0 0 0 0 0 0 0 0 0 0 0 3 /Users/ada/Documents/soundlibrary/traptoolkit/Drum_Hits/Clap_07.wav
;
5 6 1.8 1 3358.02 86 0 0 1 0.0202911 322.923 0 44.5509 0 0 0 0 0 0
0 0 0 0 0 0 0 3 /Users/ada/Documents/soundlibrary/traptoolkit/Drum_Hits/Kick_09.wav
;
5 3 0 0 0 0 1 0 0 0;
5 2 1 0 0 0 1 0 0 0;
5 1 0 0 0 1 0 0 0 0;
4 4 0 0 0 0 0 0 0 0 0 0 0 0 0 0 0 0;
4 9 0.290909 5.40404 2979.08 94 0 0 1 0.0142447 498.487 0.724638 3.2993
0 0 0 0 0 0.0843197 0.181293 0.302449 0.437925 0.622789 0.713776 0.870986
1 3 /Users/ada/Documents/soundlibrary/Drums/75barsbreak.wav;
4 8 0.927273 1 15000 86 0 0 1 0.01 248.866 0.347826 18.0947 0 0 0 0
0 0 0 0 0 0 0 0 0 3 /Users/ada/Documents/soundlibrary/traptoolkit/Drum_Hits/ClosedHat_03.wav
;
4 5 0.4 5.40404 6110.64 113 0 0 0 0.01 1187.86 0.173913 897.85 0.444422
0 0 1 0.790698 0.24031 0.640952 0.728682 0.248062 0.550388 0.27907
0.459252 0 3 /Users/ada/Documents/Pd/recordings/mnc4.wav;
4 7 1.14545 8.70707 15000 116 0 0 1 4.09357 191.793 0.347826 9.92389
0 0 0 0 0 0 0 0 0 0 0 0 0 3 /Users/ada/Documents/soundlibrary/traptoolkit/Drum_Hits/Clap_07.wav
;
4 6 1.8 1 3358.02 86 0 0 1 0.0202911 322.923 0 44.5509 0 0 0 0 0 0
0 0 0 0 0 0 0 3 /Users/ada/Documents/soundlibrary/traptoolkit/Drum_Hits/Kick_09.wav
;
4 3 0 0 0 0 1 0 0 0;
4 2 1 0 0 0 1 0 0 0;
4 1 0 0 0 1 0 0 0 0;
