697.324 56 100;
178.345 56 0;
982.653 56 100;
73.8549 56 0;
677.891 56 100;
114.49 56 0;
45.1474 56 100;
242.2 56 0;
230.907 56 100;
73.8549 56 0;
323.787 56 100;
85.4649 56 0;
628.549 56 100;
88.3673 56 0;
175.76 56 100;
272.676 56 0;
998.617 56 100;
56.4399 56 0;
422.472 56 100;
131.905 56 0;
677.891 56 100;
224.785 56 0;
277.347 56 100;
102.88 56 0;
56.7574 56 100;
210.272 56 0;
126.417 56 100;
82.5624 56 0;
161.247 56 100;
79.6599 56 0;
451.497 56 100;
76.7574 56 0;
555.986 56 100;
94.1723 56 0;
