510.839 rcv 75 100;
148.027 rcv 70 100;
39.0249 rcv 75 0;
39.3424 rcv 61 100;
0 rcv 63 100;
69.5011 rcv 70 0;
14.6712 rcv 65 100;
0 rcv 68 100;
87.0748 rcv 73 100;
10 rcv 61 0;
31.9274 rcv 65 0;
0 rcv 63 0;
85.7823 rcv 70 100;
10 rcv 68 0;
42.0862 rcv 73 0;
72.7211 rcv 63 100;
10 rcv 70 0;
65.4649 rcv 65 100;
78.3673 rcv 68 100;
50.6349 rcv 63 0;
31.9274 rcv 65 0;
19.0249 rcv 73 100;
10 rcv 68 0;
94.4898 rcv 70 100;
130.612 rcv 61 100;
10 rcv 73 0;
8.70748 rcv 70 0;
39.3424 rcv 63 100;
37.7324 rcv 65 100;
43.5374 rcv 68 100;
27.415 rcv 61 0;
36.4399 rcv 75 100;
59.3424 rcv 65 0;
0 rcv 63 0;
0 rcv 68 0;
42.2449 rcv 70 100;
39.0249 rcv 75 0;
59.6599 rcv 63 100;
0 rcv 65 100;
10 rcv 70 0;
39.3424 rcv 68 100;
84.1723 rcv 73 100;
10 rcv 63 0;
49.3424 rcv 65 0;
20.3175 rcv 68 0;
5.96372 rcv 70 100;
124.649 rcv 73 0;
77.0748 rcv 61 100;
10 rcv 70 0;
30.6349 rcv 63 100;
0 rcv 65 100;
58.0499 rcv 68 100;
10 rcv 61 0;
91.5873 rcv 75 100;
10 rcv 65 0;
11.61 rcv 63 0;
29.0249 rcv 68 0;
42.2449 rcv 70 100;
65.1474 rcv 75 0;
59.6599 rcv 63 100;
14.5125 rcv 65 100;
10 rcv 70 0;
59.6599 rcv 68 100;
116.1 rcv 73 100;
10 rcv 63 0;
0 rcv 65 0;
15.9637 rcv 68 0;
32.0862 rcv 70 100;
97.0748 rcv 73 0;
24.8299 rcv 61 100;
10 rcv 70 0;
103.197 rcv 63 100;
0 rcv 65 100;
30.3175 rcv 61 0;
56.7574 rcv 68 100;
49.3424 rcv 75 100;
10 rcv 65 0;
0 rcv 63 0;
88.6848 rcv 70 100;
10 rcv 68 0;
55.1474 rcv 75 0;
4.51247 rcv 63 100;
65.3061 rcv 65 100;
8.54875 rcv 70 0;
48.0499 rcv 68 100;
44.8299 rcv 63 0;
56.7574 rcv 73 100;
10 rcv 65 0;
46.5986 rcv 70 100;
10 rcv 68 0;
110.454 rcv 61 100;
10 rcv 73 0;
0 rcv 70 0;
39.3424 rcv 63 100;
58.0499 rcv 65 100;
26.1224 rcv 68 100;
10 rcv 61 0;
103.197 rcv 75 100;
10 rcv 63 0;
0 rcv 65 0;
74.1723 rcv 70 100;
7.09751 rcv 68 0;
65.4649 rcv 63 100;
10 rcv 75 0;
53.8549 rcv 65 100;
10 rcv 70 0;
33.5374 rcv 68 100;
124.807 rcv 73 100;
10 rcv 63 0;
0 rcv 65 0;
77.0748 rcv 70 100;
10 rcv 68 0;
23.22 rcv 73 0;
20.4762 rcv 61 100;
43.3787 rcv 70 0;
10.3175 rcv 63 100;
52.2449 rcv 65 100;
17.415 rcv 68 100;
24.5125 rcv 61 0;
65.4649 rcv 75 100;
57.8912 rcv 65 0;
0 rcv 63 0;
24.6712 rcv 68 0;
66.7574 rcv 75 0;
79.9773 rcv 63 100;
0 rcv 65 100;
113.197 rcv 68 100;
66.7574 rcv 73 100;
10 rcv 65 0;
0 rcv 63 0;
47.8912 rcv 68 0;
23.3787 rcv 70 100;
119.002 rcv 63 100;
0 rcv 65 100;
10 rcv 73 0;
31.9274 rcv 70 0;
21.9274 rcv 68 100;
134.807 rcv 63 0;
0 rcv 65 0;
46.4399 rcv 68 0;
50.9524 rcv 61 100;
66.7574 rcv 63 100;
34.8299 rcv 65 100;
142.222 rcv 75 100;
0 rcv 68 100;
10 rcv 65 0;
0 rcv 61 0;
0 rcv 63 0;
60.9524 rcv 68 0;
66.7574 rcv 75 0;
39.3424 rcv 63 100;
14.5125 rcv 65 100;
136.417 rcv 68 100;
23.22 rcv 75 100;
18.7075 rcv 63 0;
52.2449 rcv 65 0;
23.22 rcv 68 0;
10.3175 rcv 73 100;
43.5374 rcv 70 100;
75.4649 rcv 61 100;
10 rcv 75 0;
52.2449 rcv 73 0;
10.3175 rcv 63 100;
11.61 rcv 65 100;
10 rcv 70 0;
77.0748 rcv 68 100;
39.0249 rcv 61 0;
37.7324 rcv 65 0;
42.2449 rcv 73 100;
10 rcv 63 0;
0 rcv 68 0;
36.4399 rcv 70 100;
84.1723 rcv 63 100;
10 rcv 73 0;
39.3424 rcv 65 100;
11.4512 rcv 70 0;
55.3061 rcv 68 100;
52.2449 rcv 75 100;
10 rcv 63 0;
49.3424 rcv 65 0;
17.415 rcv 68 0;
33.5374 rcv 70 100;
65.1474 rcv 75 0;
88.6848 rcv 65 100;
10 rcv 70 0;
36.4399 rcv 68 100;
76.7574 rcv 65 0;
45.1474 rcv 75 100;
0 rcv 73 100;
10 rcv 68 0;
74.1723 rcv 70 100;
56.4399 rcv 75 0;
32.0862 rcv 68 100;
10 rcv 73 0;
66.9161 rcv 65 100;
10 rcv 70 0;
56.7574 rcv 75 100;
5.80499 rcv 73 100;
10 rcv 68 0;
97.3923 rcv 70 100;
10 rcv 65 0;
66.7574 rcv 75 0;
0 rcv 73 0;
42.2449 rcv 61 100;
44.8299 rcv 70 0;
56.7574 rcv 63 100;
55.1474 rcv 65 100;
10 rcv 61 0;
39.3424 rcv 68 100;
95.7823 rcv 73 100;
10 rcv 65 0;
8.70748 rcv 63 0;
30.6349 rcv 70 100;
27.415 rcv 68 0;
88.6848 rcv 63 100;
10 rcv 73 0;
2.90249 rcv 70 0;
21.9274 rcv 65 100;
63.8549 rcv 73 100;
20.3175 rcv 68 100;
10 rcv 63 0;
31.9274 rcv 65 0;
19.0249 rcv 70 100;
21.61 rcv 68 0;
65.4649 rcv 63 100;
10 rcv 73 0;
27.7324 rcv 65 100;
36.1224 rcv 70 0;
39.3424 rcv 68 100;
55.1474 rcv 75 100;
10 rcv 63 0;
0 rcv 65 0;
46.4399 rcv 68 0;
77.0748 rcv 70 100;
56.4399 rcv 75 0;
21.9274 rcv 61 100;
44.8299 rcv 70 0;
27.7324 rcv 63 100;
14.5125 rcv 65 100;
37.7324 rcv 68 100;
15.805 rcv 61 0;
95.7823 rcv 65 0;
4.51247 rcv 70 100;
10 rcv 63 0;
65.4649 rcv 72 100;
10 rcv 68 0;
107.392 rcv 70 0;
42.2449 rcv 63 100;
0 rcv 65 100;
10 rcv 72 0;
62.5624 rcv 68 100;
72.5624 rcv 70 100;
10 rcv 63 0;
31.9274 rcv 65 0;
27.7324 rcv 72 100;
27.415 rcv 68 0;
103.197 rcv 75 100;
17.415 rcv 61 100;
10 rcv 70 0;
14.5125 rcv 72 0;
27.7324 rcv 63 100;
26.1224 rcv 65 100;
10 rcv 75 0;
23.22 rcv 61 0;
16.1224 rcv 68 100;
124.807 rcv 75 100;
10 rcv 63 0;
0 rcv 65 0;
19.0249 rcv 73 100;
27.415 rcv 68 0;
1.60998 rcv 70 100;
134.807 rcv 75 0;
0 rcv 73 0;
4.51247 rcv 68 100;
76.7574 rcv 70 0;
42.2449 rcv 65 100;
66.7574 rcv 63 100;
10 rcv 68 0;
24.8299 rcv 73 100;
39.0249 rcv 65 0;
43.5374 rcv 63 0;
39.3424 rcv 70 100;
52.2449 rcv 68 100;
4.19501 rcv 73 0;
81.2698 rcv 70 0;
33.5374 rcv 65 100;
26.1224 rcv 63 100;
40.6349 rcv 73 100;
1.29252 rcv 68 0;
58.0499 rcv 65 0;
39.3424 rcv 72 100;
44.8299 rcv 63 0;
21.9274 rcv 70 100;
65.1474 rcv 73 0;
36.4399 rcv 65 100;
0 rcv 68 100;
10 rcv 72 0;
29.0249 rcv 70 0;
42.2449 rcv 63 100;
62.2449 rcv 68 0;
111.905 rcv 72 100;
0 rcv 73 100;
10 rcv 65 0;
0 rcv 63 0;
5.96372 rcv 70 100;
8.54875 rcv 73 0;
82.8798 rcv 68 100;
10 rcv 72 0;
33.5374 rcv 65 100;
10 rcv 70 0;
16.1224 rcv 63 100;
82.5624 rcv 65 0;
0 rcv 68 0;
33.5374 rcv 73 100;
10 rcv 63 0;
94.4898 rcv 72 100;
46.4399 rcv 70 100;
31.9274 rcv 68 100;
10 rcv 73 0;
34.8299 rcv 72 0;
88.6848 rcv 65 100;
10 rcv 70 0;
13.22 rcv 63 100;
95.7823 rcv 73 100;
10 rcv 68 0;
0 rcv 65 0;
24.8299 rcv 72 100;
10 rcv 63 0;
82.8798 rcv 70 100;
10 rcv 73 0;
8.86621 rcv 68 100;
43.3787 rcv 72 0;
79.9773 rcv 65 100;
0 rcv 63 100;
10 rcv 70 0;
58.0499 rcv 68 0;
30.6349 rcv 73 100;
39.0249 rcv 65 0;
0 rcv 63 0;
45.1474 rcv 72 100;
46.4399 rcv 70 100;
72.5624 rcv 68 100;
10 rcv 73 0;
0 rcv 72 0;
42.2449 rcv 65 100;
33.22 rcv 70 0;
77.0748 rcv 63 100;
10 rcv 68 0;
19.0249 rcv 73 100;
21.61 rcv 65 0;
50.9524 rcv 72 100;
10 rcv 63 0;
36.4399 rcv 70 100;
41.9274 rcv 73 0;
48.0499 rcv 68 100;
10 rcv 72 0;
36.4399 rcv 65 100;
10 rcv 70 0;
21.9274 rcv 63 100;
41.9274 rcv 68 0;
62.5624 rcv 75 100;
10 rcv 65 0;
42.2449 rcv 70 100;
10 rcv 63 0;
82.8798 rcv 68 100;
10 rcv 75 0;
0 rcv 70 0;
45.1474 rcv 65 100;
52.2449 rcv 63 100;
40.6349 rcv 73 100;
10 rcv 68 0;
56.7574 rcv 72 100;
10 rcv 65 0;
45.1474 rcv 70 100;
10 rcv 63 0;
0 rcv 73 0;
56.7574 rcv 68 100;
10 rcv 72 0;
77.0748 rcv 65 100;
10 rcv 70 0;
16.1224 rcv 63 100;
23.22 rcv 73 100;
49.1837 rcv 68 0;
8.86621 rcv 72 100;
49.3424 rcv 70 100;
10 rcv 65 0;
0 rcv 63 0;
23.22 rcv 73 0;
69.8186 rcv 68 100;
10 rcv 72 0;
34.8299 rcv 70 0;
20.4762 rcv 65 100;
0 rcv 63 100;
66.7574 rcv 75 100;
10 rcv 68 0;
58.0499 rcv 65 0;
26.1224 rcv 63 0;
56.7574 rcv 70 100;
0 rcv 68 100;
10 rcv 75 0;
40.6349 rcv 70 0;
88.6848 rcv 72 100;
10 rcv 68 0;
48.0499 rcv 70 100;
94.1723 rcv 72 0;
45.1474 rcv 65 100;
10 rcv 70 0;
74.1723 rcv 63 100;
44.8299 rcv 65 0;
16.1224 rcv 72 100;
11.61 rcv 70 100;
33.22 rcv 63 0;
56.5986 rcv 72 0;
32.0862 rcv 65 100;
31.9274 rcv 63 100;
10 rcv 70 0;
120.612 rcv 61 100;
14.5125 rcv 70 100;
18.7075 rcv 65 0;
66.7574 rcv 63 0;
34.8299 rcv 61 0;
31.9274 rcv 70 0;
19.0249 rcv 65 100;
37.7324 rcv 63 100;
66.7574 rcv 72 100;
20.3175 rcv 61 100;
121.905 rcv 70 100;
10 rcv 65 0;
0 rcv 63 0;
0 rcv 61 0;
11.61 rcv 72 0;
13.22 rcv 65 100;
43.5374 rcv 63 100;
10 rcv 70 0;
21.9274 rcv 61 100;
120.454 rcv 73 100;
10 rcv 65 0;
0 rcv 63 0;
34.9887 rcv 70 100;
10 rcv 61 0;
140.93 rcv 68 100;
0 rcv 63 100;
0 rcv 65 100;
10 rcv 73 0;
0 rcv 70 0;
91.5873 rcv 73 100;
10 rcv 68 0;
50.7937 rcv 65 0;
0 rcv 63 0;
17.5737 rcv 70 100;
121.905 rcv 68 100;
5.80499 rcv 65 100;
4.19501 rcv 73 0;
7.25624 rcv 70 0;
93.0386 rcv 63 100;
10 rcv 68 0;
42.2449 rcv 72 100;
0 rcv 70 100;
10 rcv 65 0;
31.9274 rcv 63 0;
55.1474 rcv 72 0;
36.4399 rcv 68 100;
39.0249 rcv 70 0;
36.4399 rcv 65 100;
40.6349 rcv 63 100;
34.8299 rcv 75 100;
10 rcv 68 0;
24.8299 rcv 72 100;
62.2449 rcv 65 0;
0 rcv 63 0;
65.4649 rcv 70 100;
56.4399 rcv 75 0;
40.6349 rcv 72 0;
20.4762 rcv 68 100;
43.3787 rcv 70 0;
74.1723 rcv 65 100;
34.8299 rcv 63 100;
85.4649 rcv 68 0;
1.45125 rcv 65 0;
37.8912 rcv 73 100;
10 rcv 63 0;
71.2698 rcv 72 100;
49.3424 rcv 70 100;
31.9274 rcv 68 100;
18.7075 rcv 73 0;
45.1474 rcv 65 100;
10 rcv 72 0;
24.8299 rcv 63 100;
39.0249 rcv 70 0;
65.4649 rcv 61 100;
53.5374 rcv 68 0;
0 rcv 65 0;
31.9274 rcv 63 0;
62.5624 rcv 73 100;
0 rcv 72 100;
10 rcv 61 0;
62.5624 rcv 70 100;
60.9524 rcv 68 100;
10 rcv 73 0;
14.5125 rcv 72 0;
33.5374 rcv 65 100;
8.70748 rcv 63 100;
10 rcv 70 0;
21.9274 rcv 61 100;
87.0748 rcv 73 100;
10 rcv 68 0;
0 rcv 65 0;
23.22 rcv 63 0;
62.5624 rcv 70 100;
10 rcv 61 0;
17.415 rcv 73 0;
63.8549 rcv 70 0;
71.2698 rcv 73 100;
43.5374 rcv 70 100;
47.7324 rcv 73 0;
13.22 rcv 65 100;
44.8299 rcv 70 0;
33.5374 rcv 63 100;
65.1474 rcv 65 0;
39.3424 rcv 72 100;
10 rcv 63 0;
36.4399 rcv 70 100;
53.5374 rcv 72 0;
0.15873 rcv 65 100;
71.1111 rcv 68 100;
10 rcv 70 0;
36.4399 rcv 63 100;
0 rcv 61 100;
121.905 rcv 75 100;
10 rcv 63 0;
0 rcv 68 0;
0 rcv 65 0;
26.1224 rcv 61 0;
39.3424 rcv 73 100;
31.9274 rcv 72 100;
31.9274 rcv 70 100;
10 rcv 75 0;
24.8299 rcv 68 100;
10 rcv 73 0;
0 rcv 72 0;
94.4898 rcv 65 100;
0 rcv 63 100;
10 rcv 70 0;
68.3673 rcv 73 100;
10 rcv 68 0;
52.2449 rcv 65 0;
39.3424 rcv 70 100;
10 rcv 63 0;
29.0249 rcv 73 0;
45.1474 rcv 66 100;
10 rcv 70 0;
50.9524 rcv 63 100;
0 rcv 65 100;
89.9773 rcv 73 100;
0 rcv 61 100;
30.3175 rcv 65 0;
1.45125 rcv 66 0;
20.4762 rcv 70 100;
10 rcv 63 0;
148.027 rcv 61 0;
0 rcv 73 0;
10.3175 rcv 63 100;
10 rcv 70 0;
24.8299 rcv 65 100;
78.3673 rcv 66 100;
121.905 rcv 73 100;
1.45125 rcv 70 100;
10 rcv 63 0;
0 rcv 65 0;
39.1837 rcv 73 0;
43.6961 rcv 63 100;
10 rcv 66 0;
33.3787 rcv 70 0;
106.1 rcv 66 100;
0 rcv 73 100;
10 rcv 63 0;
53.8549 rcv 70 100;
21.61 rcv 66 0;
55.1474 rcv 73 0;
24.8299 rcv 63 100;
33.22 rcv 70 0;
7.41497 rcv 61 100;
88.3673 rcv 63 0;
29.1837 rcv 75 100;
46.2812 rcv 61 0;
1.60998 rcv 70 100;
73.8549 rcv 75 0;
21.9274 rcv 68 100;
0 rcv 63 100;
0 rcv 65 100;
41.9274 rcv 70 0;
126.417 rcv 73 100;
10 rcv 68 0;
0 rcv 65 0;
5.80499 rcv 63 0;
50.9524 rcv 70 100;
49.3424 rcv 72 100;
17.415 rcv 68 100;
27.415 rcv 73 0;
34.8299 rcv 72 0;
36.4399 rcv 65 100;
10 rcv 70 0;
56.7574 rcv 63 100;
10 rcv 68 0;
37.8912 rcv 73 100;
10 rcv 65 0;
50.7937 rcv 63 0;
39.3424 rcv 72 100;
75.4649 rcv 70 100;
0 rcv 68 100;
10 rcv 73 0;
62.5624 rcv 65 100;
10 rcv 72 0;
77.0748 rcv 63 100;
10 rcv 70 0;
49.3424 rcv 68 0;
94.4898 rcv 73 100;
10 rcv 65 0;
0 rcv 63 0;
66.9161 rcv 72 100;
82.7211 rcv 70 100;
34.8299 rcv 63 100;
10 rcv 72 0;
0 rcv 73 0;
13.22 rcv 61 100;
49.3424 rcv 68 100;
10 rcv 70 0;
63.8549 rcv 63 0;
69.6599 rcv 61 0;
33.5374 rcv 75 100;
10 rcv 68 0;
21.9274 rcv 73 100;
0 rcv 72 100;
150.93 rcv 70 100;
0 rcv 68 100;
1.45125 rcv 65 100;
10 rcv 73 0;
46.5986 rcv 63 100;
10 rcv 75 0;
0 rcv 72 0;
65.4649 rcv 61 100;
117.392 rcv 68 0;
0 rcv 65 0;
43.5374 rcv 70 0;
0 rcv 63 0;
0 rcv 61 0;
