626.836 67 100;
17.415 69 100;
136.417 74 100;
58.0499 81 100;
10 67 0;
0 69 0;
29.0249 74 0;
24.8299 79 100;
55.1474 76 100;
39.0249 81 0;
8.70748 79 0;
63.8549 76 0;
2661.75 81 100;
126.259 76 100;
84.1723 69 100;
10 81 0;
43.5374 76 0;
77.0748 74 100;
68.0499 69 0;
26.1224 74 0;
13.22 79 100;
60.9524 76 100;
59.3424 79 0;
30.6349 72 100;
53.5374 76 0;
0 72 0;
1330.95 79 100;
95.7823 76 100;
10 79 0;
10.3175 71 100;
88.3673 76 0;
37.7324 71 0;
3551.36 67 100;
121.905 69 100;
98.5261 67 0;
29.1837 72 100;
41.9274 69 0;
45.1474 74 100;
10 72 0;
91.5873 81 100;
27.415 74 0;
117.71 76 100;
10 81 0;
40.7937 69 100;
43.3787 76 0;
63.8549 69 0;
2335.22 81 100;
89.9773 78 100;
66.5986 81 0;
103.039 78 0;
1101.66 83 100;
329.274 83 0;
42.2449 79 100;
63.8549 76 100;
31.9274 74 100;
15.805 79 0;
111.905 71 100;
10 76 0;
27.7324 69 100;
10 74 0;
49.3424 71 0;
55.1474 69 0;
2219.12 79 100;
156.735 76 100;
10 79 0;
142.222 76 0;
82.8798 67 100;
155.125 67 0;
29.1837 69 100;
27.5737 74 100;
73.8549 74 0;
49.3424 69 0;
