0 58 100;
1445.44 51 100;
10 58 0;
120.612 56 100;
126.1 51 0;
36.2812 56 0;
133.673 61 100;
444.082 58 100;
10 61 0;
667.574 58 0;
62.5624 53 100;
294.444 53 0;
291.859 56 100;
233.492 56 0;
129.32 56 100;
37.7324 60 100;
10 56 0;
515.352 49 100;
10 60 0;
39.3424 58 100;
10 49 0;
1108.75 58 0;
33.5374 51 100;
298.798 51 0;
90.1361 56 100;
565.986 53 100;
27.415 56 0;
182.857 53 0;
19.0249 58 100;
793.673 58 0;
30.6349 58 100;
168.186 58 0;
145.283 49 100;
242.2 49 0;
275.896 63 100;
461.338 63 0;
10.3175 61 100;
172.54 61 0;
19.0249 58 100;
1073.92 51 100;
10 58 0;
316.372 51 0;
82.8798 53 100;
213.175 53 0;
245.419 60 100;
208.98 61 100;
123.197 60 0;
31.9274 61 0;
39.3424 49 100;
226.395 58 100;
10 49 0;
1090.05 63 100;
10 58 0;
111.905 51 100;
39.0249 63 0;
191.565 51 0;
180.113 56 100;
278.481 56 0;
100.295 58 100;
1290 58 0;
149.637 61 100;
284.444 49 100;
10 61 0;
284.444 49 0;
4.51247 53 100;
192.857 53 0;
42.2449 58 100;
905.578 51 100;
189.955 51 0;
239.615 56 100;
108.685 56 0;
37.7324 58 0;
106.1 61 100;
194.467 63 100;
79.6599 61 0;
75.4649 63 0;
