114.953 54 100;
499.229 66 100;
10 54 0;
471.814 61 100;
10 66 0;
428.277 57 100;
10 61 0;
439.887 54 100;
30.3175 57 0;
457.302 66 100;
10 54 0;
428.118 66 0;
13.22 61 100;
494.875 57 100;
1.29252 61 0;
454.399 54 100;
10 57 0;
377.483 66 100;
10 54 0;
487.778 62 100;
10 66 0;
355.714 59 100;
56.4399 62 0;
387.642 54 100;
10 59 0;
480.522 66 100;
10 54 0;
434.082 61 100;
10 66 0;
425.374 57 100;
10 61 0;
521.156 54 100;
10 57 0;
349.909 66 100;
10 54 0;
512.449 61 100;
10 66 0;
412.313 57 100;
84.0136 61 0;
405.057 66 100;
10 57 0;
471.814 62 100;
10 66 0;
