1228.36 54 100;
0 66 100;
256.712 66 0;
4.51247 55 100;
34.8299 62 100;
10 54 0;
229.297 55 0;
0 62 0;
36.4399 59 100;
0 61 100;
266.871 59 0;
0 61 0;
21.9274 66 100;
182.698 66 0;
3525.24 54 100;
0 64 100;
223.333 54 0;
17.415 64 0;
43.6961 57 100;
0 61 100;
256.712 57 0;
0 61 0;
39.3424 59 100;
198.662 59 0;
172.857 64 100;
181.247 64 0;
3352.54 66 100;
13.0612 54 100;
227.687 66 0;
17.415 54 0;
5.96372 55 100;
50.7937 62 100;
210.272 62 0;
5.80499 55 0;
27.7324 59 100;
56.5986 61 100;
130.454 59 0;
63.8549 61 0;
155.442 66 100;
140.612 66 0;
3430.91 64 100;
24.6712 54 100;
227.687 54 0;
19.0249 57 100;
10 64 0;
48.0499 61 100;
233.651 59 100;
10 61 0;
0 57 0;
166.893 59 0;
184.467 64 100;
181.247 64 0;
